164.524486211267 -6.421636856566626 601.7865336536008
-204.02290826712914 1.962557657487016 601.8406627407189
84.66555523105353 9.255638773548657 580.200029913386
-169.29504509165446 9.748011288168685 591.5746208182511
104.48635747056522 -14.803206976862121 584.4578075528448
218.93856222022504 2.6993340948039686 617.4346841960678
87.66479910339478 20.81993460615 605.2572832259096
188.53407818130444 -1.1987473972417062 602.986859903456
-11.551124810409476 13.05069371198761 606.3279199913939
-143.79593024247896 1.514603780560189 606.5643155585733
120.4272367317634 -1.7623741714949948 611.862282633467
-26.002641734610933 9.124048084896716 597.7274715173404
192.55566225405636 7.182822587856092 611.09577485107
-12.558863595977073 7.608831299206398 570.7575112764024
-228.95990714099378 -16.19322011759428 602.8120147539648
230.0413757009871 -4.3902537286040735 589.7534353568352
-122.06976913088774 9.190984533142018 589.2366812413792
203.4006265468745 8.87053707187077 591.350367328132
-116.05764017026902 -2.93765133980785 597.4647852308827
28.186983879176125 -13.693263124491782 571.8974348959728
