-77.97703199590117 11.513121791437184 596.9437153385162
-203.07983242181416 5.523440433019169 611.2256530182988
248.2337659385277 -4.7774120497218995 635.5122221058883
229.4014753922121 0.9707746272647954 587.3491544449297
-8.483920641416063 1.95514127587822 593.2768832145247
192.52676555481366 -7.851584754231654 621.1763760698395
141.17985267004804 -3.9671134521622076 592.2113564342826
223.25571379439657 10.270183864700071 595.8082517298496
166.39155211381404 7.4501917386176135 611.43252703624
62.991305051001405 18.750961311368577 607.2575475992168
-114.7235244658203 -1.2168794169324135 620.5042117699321
-21.17225373985349 -1.3773372581969212 575.9240396162754
10.929436693724938 -6.826799300671757 579.5358041678548
84.30400882713775 8.128598467401762 605.167677543793
6.363860185752969 8.932607801197278 606.6581892934141
124.060144122047 5.092046487697905 608.6293407154155
194.01538912952475 -19.459484765943717 573.5145300637208
-119.55837604873398 -4.455514529011137 621.0054580786631
-51.83355670180529 -10.71172104453405 621.2393040267107
83.5875044271055 -10.649665433294588 595.9269922126252
