124.29596692169605 -1.9909552191558622 597.0388795728213
-163.61465546582733 -4.461309233295312 601.8440686552373
21.49938740652368 7.9338749662287 622.2461094875769
129.3800458015109 9.140782547905705 608.4125470523829
91.74141629355921 -8.483139119287847 622.7412791251223
160.63047728700195 -2.1087546371536394 594.2475933911553
45.730963315021995 -3.111976528576677 591.8327918043392
-40.54866385090523 7.31859683678702 588.2513601368242
102.76854769046878 0.9771719739665472 616.8123405969151
23.796171304162158 -0.2515573280107132 593.8557997564374
112.51771333651419 4.928120923732118 592.9071569518136
121.15287537492793 0.29472430984972975 591.8506240260009
196.19866271782723 6.409847653282164 589.3976612206361
190.71862117539843 1.9581249387060684 643.346227424637
139.58800538530483 -8.397324073749576 585.1317287692117
94.80306775967324 2.3428254906616863 595.1612612828668
120.43728058295676 11.254356066633285 607.8583793395392
25.519319666368744 16.158841555718574 602.3926829442162
-205.65875515197618 0.4994572207317055 596.5038009035111
-148.83166403473425 -4.538633408104349 583.9414470554358
