191.92037444646735 -2.885307704720113 616.0489894581548
107.87253906580253 -3.2474569853953907 600.3353195194197
77.52589412091879 16.874758874915322 611.3061477318995
-149.83606667886423 -13.490310291006084 594.5816138626183
96.25694208260785 4.308249346470808 584.8398529323358
-123.65944933512391 7.077758133434125 601.7352761824959
-217.2046363793146 5.391956081770144 591.1234758620976
165.88626849178968 -3.709944184132148 595.3784680941147
-123.46685040263084 -9.02630587689635 614.9546268745187
-98.99330214429736 -5.0949664444751015 593.1856807326902
39.79684972771122 -2.5010188331333625 577.3079255543624
191.46924078271968 12.455541965541492 607.1230128944475
12.302974579193119 9.364971801440989 566.1034285237157
186.8143858327757 -2.7661187266423375 597.0112352427585
-222.66648485716627 -10.163335614840124 593.6831054171972
8.028753246654617 -14.185872259927548 600.4488548152236
30.105731008542364 -1.6292672059013416 599.9896481872654
200.73385742152607 2.3870053201731953 580.4199204454831
-179.63357044437572 2.444719570118183 608.8452918919705
-101.63829559357467 7.237679257250729 592.7124819336684
