-34.957437649918035 -2.6248969545316254 631.7959347612606
-206.49043641636888 -17.54048873865245 599.4331029625034
25.150825776490194 -0.7492958274031579 604.4730618610133
147.86845683124983 4.022758573116914 594.5389558920494
-198.92026904859856 2.920398798456601 606.6174601505281
-177.94087590401222 -7.073145659367529 576.9755233470266
203.0754308614305 -12.94197553196777 615.7297594459378
-79.17060843715112 -9.513095509212294 607.196040040517
228.8888903612111 2.9238971140502996 589.2478308934789
223.26240495056555 15.783273863044258 634.9969217683271
85.94205637773183 14.2461804129789 596.7386366854931
161.43386807599984 -7.097261972503738 596.6211590842133
9.671141986577311 -0.7798646514410197 597.9491104863323
-219.45990380968388 -2.2049039411567954 583.8988992739
203.81551541600572 1.051742757745008 601.8329726080257
22.16405865473837 -3.7808937051312936 602.8764872888937
165.5794090643954 -18.86757578478595 615.5901205567518
176.5920510841956 2.5135167016932685 599.3101598933546
130.86131926877903 14.062337258642048 585.8227406000215
74.64704374129144 2.9353345908518635 557.5968059761751
