-223.85067715988845 10.865909720078513 622.3888831689983
-20.64888348864764 -12.707274335743662 610.7183304881313
-165.02402913965574 -1.031894764215375 627.9278198385042
-98.16529483946869 -0.901677900661952 601.4183730261288
-121.62424812567562 -1.6494571282783157 611.6010554266818
-138.31132637219667 9.1179139618182 597.7932756447337
9.083698661397818 0.430899464980341 585.7782241475397
241.34435584124282 11.140212441881038 590.7808580945492
-174.28733948648056 -3.9557394569300923 586.8269580962186
-73.76785106206773 16.181220753387965 583.5812642739205
-126.77983432675433 15.287558015210161 573.6791289076034
-138.16871707770179 -20.44799236718724 611.6033139157896
-4.13500172797859 4.704105999621861 596.4993273896062
-21.744494201437305 -6.171986989654336 601.2142018994458
236.09423499858104 -18.635257013276124 560.1552298121447
112.35512953378145 -1.3274290652519678 585.5144790344045
-5.438395115717043 -8.891632416106253 587.9146277223368
167.02864357033656 -1.5728108111573604 609.9478927021013
163.21902631165415 5.0697655792064955 594.0582200705968
-40.69699050263975 4.1581953215263505 610.4985618564779
