-14.697788766911287 -7.986468276621009 592.0894317162658
-168.22480936149805 -4.22694541734151 599.3520156038105
94.55454929826027 -11.573628079304726 635.081889354009
123.61642144919341 -5.412043527206941 619.7845064521397
-160.334352157899 1.8954135567523034 623.6196139310553
69.40679492531632 -4.610375898374373 605.0970257730436
170.5773637092484 6.966290538989743 590.5761489308461
241.24913698197224 -17.13722964632066 605.0316429468764
88.23908394442321 12.865434764619422 615.4123216968563
-42.409428594288414 -20.54186122566879 588.3230384312614
-189.8325607133611 -10.973000194924388 583.98389123238
-184.55347786733074 -8.013830675242817 619.354116498216
-112.46670246763469 2.533870658662237 586.426231362663
9.328348140183039 11.312955772616935 593.4938472316601
29.057160254665803 14.112269780124896 574.4313906546778
-117.48831438912066 6.476539312165075 591.6689078437805
4.788251673392153 4.653981803904453 602.9199584492329
-88.1313090426491 1.8877604844982554 612.7546240073652
207.7736126197164 6.741579725028016 594.7714824488653
-106.62212330256006 6.516041334347261 597.7327335211415
