-7.546672661287062 5.608608417277172 577.8328357693134
-43.088847925043126 9.714671387307881 597.858783913561
39.64729514438221 -16.07714106957365 636.8826588684962
178.91292500296555 -2.907704774828087 574.6098144627845
-182.9155590683053 10.420150565373422 612.4214496967031
-187.66311949936494 12.015020918360026 607.7817425656541
235.7038158784435 3.578949372764209 609.1869971494575
-180.23442244907523 22.163460858600295 621.1712606720344
-87.03299825640082 -17.750114376609865 588.5317076771072
239.24033355850446 -14.109357709101575 599.8967741631535
183.92155538941142 14.758511615572925 574.722897175381
128.2174615534842 -10.265985979960739 619.1380647759398
61.48647679618199 -1.2203588885476395 600.0181791689565
-172.4102335556465 9.355720578102407 605.7276935899199
117.51458274318725 -3.2750842094451555 602.3279262794161
191.30502655724695 12.715028895441666 608.4011269178518
195.01822212063695 -2.9335093579895037 584.231582870063
-166.93390044062386 -0.5220964171018951 583.1881309469366
190.15388898163485 8.473567788336675 572.0667804512516
96.19816025716335 -5.939630941403057 592.2786052594357
