-21.41867904907258 -9.098193112434213 615.768387910169
-28.294464445494555 3.4294755473874385 595.8423697692787
202.4536261669544 5.519858467164096 593.6676310810731
34.807041919452104 -0.11070098677514871 610.7030645628681
-228.0269547653969 -7.881721036514186 584.63468487359
178.34880359225855 7.076293543796265 601.3663002214754
87.45538706120288 0.3607988256501565 599.0009638253072
-75.07893701957619 3.7766869355757597 604.2854140532968
239.709825290995 -1.974880257608695 602.2785547365368
-224.87926994594875 9.69993484883248 587.3926066927507
121.73897853718341 11.478403515505027 602.0670133208615
141.56270331463207 16.032803723714643 578.3819617363062
-99.41300099456006 -15.167501594263303 604.2842930359559
39.17238062744269 4.445990722571492 597.2101839078067
-12.36275983656654 14.557886001111555 597.8116027650617
-191.05191768057628 -5.563732406322935 602.3114857031549
62.107065607240315 -4.363261881865682 594.7061333369095
-23.967297930750306 -9.257225370116501 590.9025442801671
-175.3727031017644 10.972583347034258 616.8411105702835
234.26486719485973 -8.099235286789764 615.9182091459712
