141.42965284094123 0.5822817062631996 602.1954658478625
-149.67827561620146 5.684792015735428 564.4376460721287
-159.17786175229236 -9.760898522798838 569.8120050058933
-173.32203475813884 8.155458713595413 583.2521696669609
26.084523209976112 1.8339037205715514 598.8246841759698
-86.77790843245481 12.66628583316596 596.1053966437703
-46.795939486703475 7.609921510332873 602.6692897443712
-94.57715763755488 6.496617600589303 575.8042518308799
-168.36258743554407 -4.961247867599901 578.5755347518704
119.31477309685619 9.008451481883387 628.8062630914908
68.37137981946177 -13.913040108487234 600.7533698882685
-141.12122002680343 -2.1930550948662457 608.3870123229232
-131.58856078291672 0.9269767636598374 608.7296875617309
-185.92986996788756 4.852321354008539 571.0693504417479
-183.83951100564542 -1.4942218280205712 609.6851511234526
33.034162564469284 -12.840394245482043 598.1041520458608
-139.9689741288142 0.525106755403601 599.0529481635434
37.62827650423827 13.945343062518766 584.7244214876418
-108.5439849468504 11.19041100421616 603.535407255195
149.3250465456162 0.8497810744535651 599.6637050123766
