203.36591673571274 -20.89566596970219 590.5473427038336
-149.10234904730555 1.4151168875339903 596.6486352395292
-129.49438834582972 -8.986316821122594 614.5088787648217
-133.91697795714504 -4.697723220365268 579.815759530152
-247.80305096547494 -10.309611997369947 605.6072608599234
194.23726901496917 -7.41141943193942 589.9478151627659
-203.06401043456324 -2.651436941249145 612.0262595096697
205.7616482026702 2.537478629146733 601.0195681388321
105.20221631079659 -14.678704467699868 627.9408250409558
87.21430447342817 6.898471586903828 598.3047400337458
-1.0488885755430317 12.155361887130026 599.8455382212701
-49.11956081910006 -4.246812560246869 610.7011210052046
203.23621043193106 -1.4731489033590583 612.4313029398119
-37.642960165317106 -10.695043867988396 588.2692281597273
147.19515483522895 0.9049575128053706 607.5216495446927
-126.2306480145901 -2.245000155227452 598.0729384056707
22.2683749046372 2.36125016461554 586.024034648367
188.52827024274296 -11.160796146772773 591.6695608377141
-181.47872092385458 -2.846899123745113 590.9934851020437
-165.2113309250002 -2.938970252018316 629.4538743923064
