-174.26348139350324 -20.934682963910802 572.9760459998239
-238.33271087480716 5.670369602523884 586.0449334234124
8.47328651580085 7.173040478830198 564.700154990034
96.48250596649876 11.211787884204297 608.0016845160825
-64.8715561235748 27.87030707519028 583.9253828353894
23.02475126373656 12.536711605314242 628.1776091744083
-179.54100747921802 10.200764831688447 600.591819261649
215.96757647875802 -8.383234127522826 604.237567119123
240.10845612632022 -4.326751392580684 616.4229445652982
189.20304387153288 -15.643459480474874 572.5586116427229
-237.86379595655748 13.244333356151207 602.6912906016508
-9.360454061167871 -6.499123226031158 596.6322232216071
-17.9382967578519 -15.124281428015241 607.8924754352386
157.88887303373644 2.513274133043986 580.8552624098743
83.83100523934894 -5.1354990529057 554.6239098005883
-214.85359709290475 7.448049645386029 608.07009135667
-173.04132772402082 2.783737859598661 595.6415670601887
97.27423021729322 -18.03571850052051 582.0868541398355
-92.68913320463307 -3.445231984968949 600.1270628839599
32.34546717419528 0.29617587754773234 590.5761507961046
