-111.71219910794773 14.317328915571323 603.2938981604697
-38.31330023083407 10.111069990609387 595.7562669198711
41.5330911500821 -5.082824049043175 581.1174875983954
239.79366281134241 -14.052330266572524 613.1264039789025
-144.8947315806975 -3.7356138853568357 580.3674760737614
89.35377047594324 -11.289375483314956 590.3343839170271
-35.581518662740564 -1.4122706483569272 602.1291469457202
-13.595212542796844 -13.707252859754606 593.8669353166205
147.2085459016463 4.902056978540999 595.5827391754157
-199.45351242628257 -0.4237819326991326 571.1938748401855
101.195748591783 4.555397772380395 604.6574212337215
-106.70643218318187 8.586126528277415 566.8278604826239
-121.38400858084557 9.673861481419657 601.1451587259135
-40.76695983413546 4.08492856563162 593.846801258183
215.99658222387114 10.479668574174145 589.7447259402522
189.6408974674353 0.8564474488960367 589.7464434313849
-116.30342660130927 0.9668165680588221 578.8740580087152
-100.00717670253962 -17.79762889068114 582.9830605895842
192.32443260394876 -5.826243777587674 604.5387802268998
12.315269725452765 -3.839234437648063 581.1291553117002
