-82.74253904384898 -17.064190764359164 635.4115431060578
123.30422585916426 6.027586339755956 615.0111220733056
171.66618449342008 7.998007147130349 597.2068445772331
-203.6597797861429 10.04781167847579 582.3439229438554
-243.0093336918952 -0.3393602973316583 602.040277080668
184.92960002451025 -0.632797804673342 598.4015082305184
-193.07699251416605 -1.742602518641393 572.0273592413282
-80.00613183961812 25.874788377283117 601.9748917418701
-7.280157841315088 -0.03070094195964205 589.1958107936686
76.86345526177615 -2.0350223935963045 600.7766855329303
-44.385406713099826 -17.836153122614206 590.7101725928671
-102.48864293279553 -19.21417845886254 598.9130336424844
243.2649309707586 -1.3829633862687452 604.9087117505884
160.11819490498146 -1.0483846732393256 607.9969201322895
84.01210913940253 14.130496610227269 582.9618780584719
65.07263887367378 18.583160020538383 586.4769482534275
168.8626236913592 0.6671057638101839 601.3823276425148
-54.526853164247655 -9.764059224380402 585.0473518910328
29.519541283776732 -7.024191083904123 607.6974349691635
21.393269647197485 -3.6466288045098336 594.1270556882819
