-13.814881780806758 4.44062687162053 603.5669279671595
49.33587166949877 0.39906331142404966 605.1800945202248
189.74211685860251 -5.336022500364849 596.4308398665968
57.05476339181814 3.609325156501544 596.4668898264703
245.66962639772896 6.807162074447813 593.8727851155442
-193.82441617556321 -13.270735533130146 612.544462600056
208.96547307763234 8.463023550765808 606.1362268297833
-9.989926547536442 -2.6309539378185494 593.8960571258175
-145.7859219619465 11.17166184903473 602.1376339234932
198.75049460322418 10.323714585115983 626.2929792052649
82.24164903883337 10.846008302741257 604.6494870065638
223.41449096265933 -0.3054835901673591 587.6106004658177
-64.68104603957019 9.990145323526747 626.0937629348882
170.72247140022625 11.935352929192026 601.211574523638
73.16979853110735 5.835535064519148 611.0747568422946
37.39519379399974 -8.649328747210099 600.7383477856258
44.40367735484136 10.066014896590502 617.6802946241601
-49.75430509534655 3.919992938609427 605.4489191058307
217.17073212170374 -18.67548888110306 588.141615894129
-63.16428420238097 -7.872456720334325 588.8132319868523
