25.287831683025843 1.7452258016308266 587.8351229855281
-151.07066662254016 4.8874885464577025 588.2233800013476
-226.94415443736526 -9.90622859024614 603.3914965616607
-194.0563972883626 -6.228810873038137 607.3420420388851
12.731154652429211 1.913986168209195 593.9464301454971
-239.80769322686007 2.43176407743869 603.2729556957465
43.73075026148143 4.688632083955001 598.6246713434439
-72.48872532385957 -4.461753280919632 609.2212266735698
191.6010478534588 -12.092674407649264 582.1936381592963
91.19182892030665 -1.2987170736290508 600.5170209436276
-190.17227692134924 -2.5067252387535994 596.7659101012557
62.43124896354635 1.1100641626753034 582.5339362921152
-206.82685890607428 -9.575078603641296 634.2796776396603
177.4208517404511 -11.907004373846846 598.0252155371151
223.00443849840468 4.535991354819623 613.2394634930052
75.52247823130563 -5.862145578380535 593.7554889457441
226.6350841399232 -5.274108444053955 605.9502732713358
-192.86904326266668 -8.214126120057259 613.7847392272848
-80.420951384836 1.17197209172667 568.8372066425968
31.654215507204015 8.57187643674222 557.6298866873908
