234.26919224484436 -4.17325876261021 612.8987380371847
26.084979176871684 -13.370509644678311 619.4077418380662
-69.82677193002473 7.639248149916289 611.5028909797759
-224.81132288274847 0.0617051933939986 629.233868177888
110.99901293562823 -13.813859019906861 605.4433457277256
148.57292857018598 -5.989627466858675 592.0001152157045
51.179761163154524 5.980551828544244 605.9590999971039
51.74931533898763 -16.66269968670642 598.1996118539915
-65.35753422014585 -6.823893778424994 584.530751374925
246.4694333022556 -4.726562207422228 604.1049515226618
211.7297352225546 1.1561442574285148 596.6410219970921
26.681917695402944 -6.3532534254833575 598.7140639046498
-192.06750742831585 10.657387448309528 602.5988675845556
-223.77961576087563 -3.5469671349535083 615.0581110843628
5.256050209461392 -18.871111020013693 578.6943997367846
121.76103284026112 12.04879535739908 598.6210376006194
-151.3488041626632 -6.205057460002438 591.5210823786617
-79.2109582253857 -7.341429721733826 588.9435530652427
189.41177488661646 -0.5906715531171475 591.6727141972023
-57.31176297087114 -6.369566179991787 603.4140498169696
