-33.58581170004476 7.486940828681047 597.8501746049105
-185.90750799884887 9.629281680767338 599.2028650469159
0.5884357270759608 6.657001948532706 587.1887674494834
111.69828241873529 28.08096174601184 589.4531705277386
-88.74136589407627 10.46131341380635 569.7712874513069
-152.98246265050904 5.281990346660469 587.3287365956855
154.6484423816574 5.323664711028177 626.6338277577885
47.9621414249695 -0.49019344072310533 605.4727566004523
59.625942821787646 -4.887370641764851 609.6534717845002
-74.85210739242422 6.209970746366694 618.8194659380896
21.002740073053076 7.827179889702801 606.9158648415053
243.76168086485256 8.740340297179161 606.1789518863654
196.53397755156755 -11.015003140505666 616.4453430379948
-100.72500259380314 -21.75230772701051 584.0357197516612
245.79894516126353 -5.269254876549649 603.1784832636558
-191.2250973784834 3.450890843004929 584.6796255792516
155.00646161490727 -4.108918458605398 601.219551964063
-207.6127568487902 -3.09007722664093 591.3878382859156
51.304524445325114 10.925810211958913 607.8817095354005
227.10318488892864 -3.367650722568834 594.9809132901837
