45.28862985340919 13.519936043545894 620.247463258419
11.209220142825757 -3.877641640897945 614.4944297286762
191.72278511476276 -10.399379752224418 578.6206422119101
30.25149109723708 -6.914164290522995 609.2504555588469
-244.9695244887087 -8.478472713570756 631.1828414929298
27.104336415579382 4.173412913000149 605.7726658467049
38.07131764198789 -6.570733305788022 594.2043530347505
65.56435495743557 2.0294291855414532 592.9324672064835
-149.71426016245914 -22.834759772406112 569.0940540703008
170.74484702438957 -14.573010512887096 603.3454028466383
-249.3324043868289 1.5955070543181227 603.6489800676692
-107.5805486771394 -0.44304140430475475 609.3113805732385
58.696807853318376 7.301875788424077 613.0551631975943
91.07512462891634 6.434784735733112 615.107984671428
198.61561011561201 -5.0650352529836535 590.0405070620234
196.80362648100737 6.055325541631865 583.7085826733064
-23.966583798505695 -9.88369197684558 604.7822411563754
74.84170362585462 0.556294876862026 620.5569510967334
48.7128315219681 -8.55804232609742 603.8239528971001
-17.82229105662907 5.719192063991418 594.0032399185212
