147.70784548071668 15.633995427006449 593.4314401586464
-198.07454809514945 -10.937198820881154 596.2638336736885
165.28423769154017 -17.188767637958968 631.2099927550927
97.67335378851692 -11.823688895873246 621.116585275163
-131.56143326598163 7.482949501819273 583.3615485174419
203.25545276166935 -2.907210616856846 596.699301265312
143.72402744110423 10.05554735447782 619.6731721827377
108.77200569917323 -14.69655618856841 627.3597006537441
-144.8475438604999 0.3006438529964998 596.918261745778
-39.632568580214695 -1.8357833196983413 601.9025458275595
-139.7961559887009 0.5296989878000997 611.3935943592177
196.21351608887892 5.186821564762889 600.3564505182813
-219.07472063917828 -1.2267340046694368 606.4224557599524
175.3318009426789 16.029995904201336 631.26116984916
173.6938883947189 -9.45739261759332 593.0942890274827
-73.51105481787317 -3.533824634264051 591.6397124679635
-114.74473408445962 -3.538690679037764 582.5214478712036
-158.36075612488438 3.759192898359882 592.7487964422379
75.5439702438486 -11.588273521475745 592.0451693850384
-174.87299716781595 -4.008762368634489 598.6786284189805
