-25.977335559894556 2.988290544661928 610.4455070069193
178.05621950532242 7.794095957330647 595.2994462486695
190.47291194767422 -6.946154446710681 597.4107863852141
-221.7024631478094 -10.070040088277413 616.3877232797411
137.87158561109095 7.78853246870748 593.1570826304584
-100.2329278781603 9.23551799655754 603.9744697633595
244.61647960738958 -2.7318282014159716 615.6526256981138
-72.83021190754013 20.880209076796227 599.3469076743766
-78.37796818254162 10.124804344236285 624.7442571492708
63.96202885874618 4.287802403898285 606.6001245999055
-69.03158498964663 -12.86643052128391 580.5550546100735
-84.54628729028246 0.6831199840429231 598.5085928410825
184.05924708842053 13.228752530195756 630.1122193597412
101.95624713743723 2.701689977359303 587.8470896057196
114.0873093190176 18.20824255099819 617.157319757751
225.854659035035 0.3713072340229465 613.3889562412219
-139.88061834755283 -10.36280372383426 597.0984414165732
-172.50461653870593 1.2754324741858791 610.7565973015675
197.0178978455716 3.1353339156627453 593.2838817802625
-239.10081171843433 -4.674615230930047 601.2846836515695
