225.84372758090888 5.237998628797439 604.1223170178661
196.88727280832262 1.4530686616168562 591.2077423975801
172.60861976309855 11.64311532182591 602.6010926833492
177.41780608118626 -10.201175369795394 607.9583498929537
70.0360340412048 -6.0049837507396955 620.4292948768375
-188.4906290060705 21.077228290202665 596.2251393699389
83.4482785809808 22.883206802597748 596.9391528559106
59.53738167565518 -9.9318286350396 642.7413227037205
-66.23152852672399 4.599493739013546 593.7969843506563
104.68056141484215 -0.7626436152284676 606.3856163758819
-40.6728440871581 -9.700318672173132 612.567778106316
25.166911780118483 0.5588015599193985 612.6531252023436
193.46689718497737 1.6597495547993733 579.4227586117861
-114.3627138298815 -14.86432354868664 572.4256219710168
157.66071916863564 -6.506754439164542 595.6920035560645
122.88086909952784 10.595712134690041 613.6394476112916
-189.47967983786208 -12.376421708845216 577.8921043836722
-85.28400262955228 0.5830525190598421 589.7559978684211
-192.10898662041038 1.310799187836367 599.7775288907172
60.7809750092423 5.5835248917834885 595.3720473259269
