-50.94930150122627 -7.358329468682802 634.046547139779
-115.65674919801177 25.816882010311364 592.4749001369238
41.75955188195189 -15.462857791484604 610.5876826451723
-122.1388604861518 -5.161167817669901 623.5054957382963
-24.93089575844988 -8.654898013711149 589.5488434771614
-151.43996457490312 -5.119204815122076 616.4475032809595
176.44341356921228 16.126560632856766 604.1531542583612
238.6892886657804 2.709868405546101 577.1906131632029
84.92706688800757 4.45561121099949 602.5959461084286
117.99548004131015 11.371206032526121 598.2898507955259
-220.86093243190115 2.630367751976892 582.7843695792943
-178.29402200357947 14.886884124524649 608.0756472789304
232.63838957120578 2.2510083305211848 603.1950232101067
-25.552277237578465 -4.988225460627056 616.429393929221
30.929101661502386 6.054185256537611 619.509696015095
203.06932199554564 -0.8125566120394359 579.3541365094318
118.46764043144839 -1.9023795176181968 600.5214275981807
-12.801407567198055 -11.120594780150126 589.9346386792483
-81.94449861292873 -10.986240896889509 600.0772298583464
-32.76596116513804 -1.7771860594647215 625.6385456134974
