-122.23709117674602 -8.328723895563776 588.8479631770358
8.745827669034952 4.6783499844542735 609.8047210665474
-186.40921785396486 -1.480270421196113 601.2100320781693
-181.91795330400967 -22.21982389691645 600.3030124533652
-82.94227552916078 -5.762430314546476 604.6616765582287
-242.15592817734083 -9.106614363189545 594.4789665184466
-237.31878567448177 -6.097897376432233 602.0935175761375
-203.1350242227905 -17.320663150539296 617.3839310332592
-16.83171751887764 -6.786480627159696 612.5687997393204
-77.89397067509773 -3.9030828836752796 587.1566501721901
21.846477766486032 12.468756938338286 578.6747923599041
182.19643417002158 1.8436938145363724 588.7175891185985
-190.24543170670609 2.146255586135875 606.1512734039369
-100.60148000922803 8.114324156864699 610.4544447544508
-1.7858298235873917 -4.896044277181069 605.3299701210342
-22.12313990592486 2.6160276458960334 581.7451085842932
-104.72790041497836 6.550772120736252 595.6761576885458
-209.09432758365688 5.723267738049001 604.6691529088132
67.49065471202601 -16.67656795605594 603.2487001445326
-166.79731016758166 2.312662270966318 599.4776085861002
