-227.88879270025686 -13.766261128753452 597.9031840455568
-153.55466113342953 -1.3543773598961006 592.0660189762401
53.25198999717895 8.834375117103168 590.0122369128953
-198.3996528516837 0.07433487449330434 585.8034366082179
-126.1265250658788 0.3554303951518866 600.6397205947669
5.271945552905663 -4.98125313004016 607.0170594618843
229.55195371651985 -8.314188192383996 620.2437530838275
114.83466151029143 -5.505819440771446 619.7089938358204
-192.31321844901595 2.683440401129105 610.0823454636856
-64.3069993934497 1.4930298185468573 594.5120969309755
-146.7500547179206 -7.038784584150566 607.9908923584183
-222.4418678499412 2.134871725223239 618.8957160889967
67.132199174726 -0.46570669099298695 609.3463561593773
-44.316886820657146 7.571725267461222 601.2647948317554
-190.71326956320922 -11.59567862735109 591.3020297139058
-40.26394460286798 0.1614618321767633 589.6940264333882
53.18502091543496 10.119795815900574 611.0665466779717
-115.70186468837818 -10.109366639195105 619.5661486398719
-190.2628879734554 6.798233249319764 572.3778971101318
73.73406581647839 -9.297860913483852 613.9885669739125
