151.75823519388842 1.0867092063778898 603.1657405222284
-63.28608035704326 -2.543680275504043 604.1236414788889
238.85287607100167 9.786318028054765 597.0003225934244
-114.75679379304836 -4.758443701064595 623.0511317978414
17.96130405605686 9.986187933208514 597.6427213148492
55.75161066640118 -8.284414819365574 587.2365630599757
225.90724941140002 4.021372032731783 592.3417327855084
58.80741390936345 -1.5694068089740703 600.8032183401847
18.510082436442758 -11.357821814078868 605.7653224627503
-137.179696328804 -0.6981195420469257 606.7049106418963
-84.01846880435914 -8.06625063070095 606.0341044501245
-189.90334034692535 -12.043068590656766 618.923730469005
-1.166172207063056 -0.755163116920672 598.0294979042856
-64.54434084120027 9.752068360304166 589.0988041321057
-174.90317187276764 -15.568211213087316 602.5742543387267
-214.3643986375048 -2.4653654510020355 609.3946127930774
-8.772414064171329 -4.700607259930745 594.4424262555925
-35.199248865872846 13.783781150424907 582.0090728937915
0.9836208765453591 -10.922980419467855 595.1954446835799
-113.83882408433931 13.95762534728709 610.7211509960588
