202.7653849642952 -4.165819146680393 600.4454903905935
61.150517468866326 1.2831498631942853 607.7748183907531
160.7106169084816 -6.176442452996206 606.8609457606128
176.51374394573588 2.0104780577124757 590.7385990119215
-182.40459849897377 -6.2920708107002525 585.2538638853276
-117.29848067415077 -6.5556621780143445 613.3125570062965
-38.056764917810625 -7.729346645723554 583.4628852239081
-192.71498889182214 -9.005845751573666 606.0325729970878
60.333473369438195 -5.034947902250419 605.7569810526406
-153.75303018030556 -4.482747056016707 604.623711344348
-7.703619020141332 16.892964937081484 573.2865341890953
-75.08872093170532 12.384064464484617 609.4096443830655
-247.76880136686452 -5.6701030636532 625.2045811221072
-136.12730671388766 -0.7046274550113797 574.8965275872465
219.2989039078596 -0.8658224245360401 620.0702866245035
-218.99978787311076 0.5223457930277446 591.8728015198067
-239.59799584699365 -12.253311074302973 605.3501339856223
237.6504879769376 17.818950496160323 596.5542085561905
-51.82863817382005 -15.393995215564543 602.0222801538642
215.4263465386166 7.459438139454973 589.1085436117663
