45.01507633344693 -9.06367968477858 589.5981189380215
60.77306405305217 -8.564891229403395 591.2796691345446
130.1769052274114 -3.986567850820595 594.6170688594805
-180.84958639915965 -11.70763767025315 593.6065857626918
-63.30954394774247 9.728128817033749 600.5150442670885
98.39974574227676 1.6763195938218929 600.9981357283623
-70.42889345506748 -2.0412244507978357 615.2895026701358
210.72637783116846 -13.111818421763623 608.870516746345
68.03284274788791 -9.909153915490336 594.3520829491559
-166.95805331022632 -4.076628411777437 619.4324375002496
-244.62059156479248 -11.549399749595954 614.9120470548966
-10.8170231776935 -0.4715842969632128 589.6179095802378
-183.62611789568507 -13.606170353542273 628.5410971079978
-232.12829531307915 3.3453036938999485 586.0516195097333
40.49812820154489 8.468742157013269 596.0427824031361
177.1823435057296 16.589819202911603 610.3502015282655
168.39040664673172 8.84476736013979 576.3152793514865
-31.46354740994289 7.746289002749545 582.8434613735795
-82.33485994674851 5.5071139312508794 608.6114185870597
-48.32779650990466 6.185373497629777 601.6253802566533
