110.87648636765545 -4.67595955610759 587.6828704607993
224.9389921600519 -4.96748139617614 606.0088416272014
185.034045783438 15.581297006770596 648.8454259986839
-45.22401282605583 -13.118763446880525 594.7241672063557
103.33850594052922 7.403358172672018 604.6157663397485
200.53848226974605 10.353993455852514 605.1453365555939
149.38853019474533 -20.697264862099832 596.9105332932996
-57.52132763767358 2.105988786722837 590.1275542059823
-42.80872955894759 -24.248618190541293 565.9172329833511
-55.753153023177134 8.498985713416646 595.9185046672721
-52.493520056887405 -0.4546056154479041 617.9289411884655
-133.05192452228476 -8.778779844305935 594.7617063254158
-126.3453416588669 -0.3134639215892927 607.4719171477528
-215.3115699354365 -8.19515914642803 605.8295599069579
-147.18114179040424 -2.3517002734937185 614.2480048762231
-32.98484590503725 -7.763159186404772 589.6814767637233
-61.63215343939811 -12.209063290868315 596.2247530237488
217.49405116683783 -13.535142333584156 603.0593738125242
-95.62648888479092 -0.1885441761760701 575.3412710527554
-123.8425178410239 0.6474133206015935 606.6396839304554
