182.62643764214135 -19.949593060913717 583.3816822938385
-183.67946525318624 8.12604767807108 606.7364623608147
119.01476799419362 -10.463023302185903 589.3919825076226
-235.6876672475835 -5.674838762939989 602.181709530819
-178.26886925710494 5.625000267695896 593.4945731806769
-74.49805701195461 2.7668050298656466 581.448939021761
-34.13612169575521 -10.072092817896923 627.1011133288008
179.5015107743357 -11.372385419647692 620.1886781044313
142.70986918386603 -13.119616383581619 588.0789769550709
-58.298405601795224 -4.514969577964908 588.1248846157205
200.15252548745633 -4.445910038294433 595.5314513865759
94.86885341642073 -2.160129698818704 596.6651479619394
-163.999510726854 1.0403599979290121 604.3803232219284
43.97044449366808 -10.018581152632615 617.9691167599058
203.9738384445697 -13.977023583785297 624.11286901742
202.89052349309384 -3.435598292304417 620.5790111069366
-153.76768662159452 -14.353044362554376 613.5232488373787
-195.9520626841417 8.017295439922416 585.446760166172
85.21601792393056 -5.479600285343236 579.1363188047936
185.4017125532979 -0.20796926582761774 591.0256440898568
