58.406219242189366 -2.7352530045416117 601.1630156341824
234.70260647243128 8.16604105228568 595.6606142190554
-246.0145800750585 22.90238742473956 607.1675936610807
85.95770206837301 -7.078479312267277 596.8414145742054
226.07576684881616 -9.866019697299638 602.3032399117257
77.4472633420416 -16.62205455632436 607.845156561481
192.34197944781192 6.415859000001282 611.7108168794733
202.6736902149948 2.8999838699589855 603.6790385602113
145.79039009211226 3.6894441117451104 588.448786591317
-204.64550334907844 1.286435144532532 617.542067569861
166.52655845580148 -0.9580641042212237 587.7850912112718
-159.51761672848758 -16.671068208392114 599.5562802697895
0.5136490880083784 -1.4945436504640446 586.1722011586193
-162.1107795344114 -7.911993558292809 602.693220379101
77.89076433573621 -2.5947329747255137 571.0701971317575
-80.37853284063956 -18.69130838218973 591.4581544804006
12.24118548243058 3.6211506033777456 588.782036020424
-117.88071712087995 -11.905877062132559 614.9028258630079
103.32942070989372 6.128421057083255 608.7222112315328
121.83753014500826 11.641983046985327 606.0406440547223
