-52.12012749738716 8.674087370228046 595.9070532742352
-82.41961873969322 5.6164331911766485 585.6431249164579
135.99798633772588 12.266877065652462 604.1003063389632
-37.32538289461428 -0.19969105102059503 593.2225958262055
74.63448490955324 -10.471463440510059 580.4463337785913
-161.56077758355246 -2.211801918705495 629.5653853652601
-169.16203912002857 10.149504157005238 603.2251858418082
-189.03565565550562 15.238776607887177 590.0609541247063
-19.559058249617408 23.167052648064562 590.3742560396242
38.04241692304606 -6.441690709682346 596.2365035848869
212.77076479168443 18.36353899956225 600.2686740015159
-136.31454790984236 10.239109239296322 614.1578209919089
232.79210162322624 0.8881137653277154 592.61301562888
91.81086068447826 -7.42904185079254 599.6573121525963
173.57008960189518 -5.740461153456751 591.2798558672773
157.96524817125294 -19.037307784298147 596.5132822505639
228.38541924614378 6.386384150590709 592.3542575077678
121.7317731723885 17.505752425969735 593.1403486468975
175.2804019201903 24.018275224286846 599.9661978077368
-42.95739520302817 -1.5277972471323986 597.1477331157756
