-94.14585551924469 14.546031368417918 615.9259939601152
-104.201811399033 3.3001989357788912 595.7161065511341
-101.54402910036418 0.462406510911266 627.8087851974669
-87.92495816668605 8.818231981474685 619.9616723632024
236.62109917020075 9.162237668966029 614.1529132654315
-140.09307954492056 -2.812302440720462 604.6345245957206
-92.63531148741129 0.5832100361611537 598.2910375783412
-240.68716038775716 -4.469418542204744 605.4659146528898
-131.61820652045125 1.9743507249831935 624.6091671123736
-84.08941482019088 -11.762261786197696 594.7499459515176
-215.43599124648762 -0.5686510559465925 612.2861565628044
178.36707944833705 2.1612489777279458 597.2283234394173
237.86893651023092 12.440080014001069 622.9816288252752
211.57920446760068 1.118041158880569 623.7902099382962
216.24423030608182 0.3650022506591565 563.0321721831876
-179.3600128576478 -10.627076842136951 597.419627097325
-101.75449263867475 -13.915207050801852 623.3156842384074
-231.18285969663648 -4.39545157949199 628.7931076598181
-202.63624262921576 4.701610149633694 616.059416043414
-178.08378605218837 3.664126180225648 613.7319786118173
