-221.95337846580216 9.81319541924366 582.2681825852935
-137.45414177800802 -11.656015770054031 617.6614664465642
-39.88524195427934 -20.069217900467585 593.2905359330695
240.44414424109294 -0.9046836962203321 584.5893123957965
169.1744355629316 7.470642396314798 598.7234872156228
33.3519013699796 -0.961584288664567 596.9673242374066
-87.02602639110873 -4.568383647155832 591.7138630579556
238.20618136704496 14.014113917412384 607.0441203591098
-169.79348856701986 -23.642099983206958 604.31190731394
-193.36949440147416 -15.41873664645292 626.6099537483366
-110.0987691141892 4.772245556619191 600.330844576384
110.54577836692363 -7.6838614344635445 591.2184412229403
-15.042106091025857 -5.982413163287142 604.9209534241307
233.4201566203197 -1.8123189241391 566.7020696651833
28.005132925144153 -20.935428381907336 592.7845304203072
-246.0984602060668 -3.219198831315548 599.8504998582113
66.11435333652304 -5.880775044932765 603.8516762835604
-25.226278637418943 -4.917555601026993 595.3430534786561
187.49531602161483 5.7867196383555495 592.832500217526
12.206588357764645 -3.8987054881364442 603.7004929865428
