137.1841661945876 3.9494709696207604 579.9178218378771
-39.18385130721407 3.185210404719685 603.5253806599209
-198.36021734661068 -3.402644614477853 596.8368523996768
57.43858037919574 2.0980164146249582 580.591230462204
-179.65697176463215 2.3651987706361535 584.5247640262739
-27.191031011994113 15.628858262469567 605.8211813907261
143.34619019363157 3.5501307956273687 623.2865003421622
-5.767917691444637 -4.606846522506412 602.7153437055113
-234.64532316813657 -12.13955791934996 602.080032877708
-52.61056360748751 -7.185095415243907 587.8198060410471
176.6917647238651 -13.543663586565911 599.9754647377542
-113.9511991848945 12.72976495648875 627.2399937171481
-107.4604660460189 5.3248193784786615 617.1737933366416
-178.63228525254266 5.888613312070845 601.6649890784395
76.22394774521695 -1.1526379023174291 614.1481822760375
173.53149978178686 10.13015456189166 602.9870582220075
-153.95979167859718 -4.047427360597464 595.4238585775411
203.40325906320504 -6.194183415302427 606.6572326173288
-33.86111916682887 13.609724780342006 576.9565097425954
0.8116222611521096 14.881835453398573 603.3092329461525
