-228.9176984803306 14.844070901376185 576.9937056037205
-178.97764096022615 7.254398665211372 598.8039528197169
183.01807525805316 6.4430757584592 573.9050238795568
-22.065468194944202 -19.64200684418829 587.9568505441897
-71.59403634342203 -17.84372344682295 588.4725885699503
133.81820879274972 9.564104426204148 579.3140469654642
-47.826322175503975 14.18606357158631 590.1318430655068
-24.676835973024794 10.917755267523965 600.2300833166754
195.05457381387617 3.0867708438047052 613.390630026207
-146.3698217270237 -4.450301130760843 599.3578609213237
153.16141949383575 3.6837665330878315 594.6980001292792
-119.87139598422834 8.693459672936774 613.3971713474234
-202.61572482737665 15.378197458820352 597.2533331292981
94.41115219899058 2.76064415940135 584.6037239147025
61.3037718382368 -13.382099064193314 603.9360883020738
-146.27502834295183 -7.5267829249594715 597.6414870898776
127.30510152734661 -6.2984101429417825 600.0748915860418
-125.46433122219925 16.3571326044871 597.8413045233046
-118.8697687989762 -16.62977806687379 595.3652690093253
-17.23151917383052 16.06571912597266 592.9946236929297
