-80.5618618833004 -8.187942133624901 616.0223977368913
-115.45986931551678 -2.7215831155537633 609.1856838278084
32.297594110819944 -17.99611513213335 608.869678561958
57.97678860427811 -8.491958722114957 598.9710267803672
-202.4776534673103 4.149954042326579 593.7781668175531
176.11159000625332 -7.84144126478301 592.3644929563596
-135.34355962148874 -14.135983674952106 589.6891654276054
83.07963548047769 1.1377818434600189 615.3026278870148
84.42387044238541 -2.3987857484800785 622.5353144483936
239.3761213055928 0.16620498690532348 609.824146781391
-204.66601056603486 1.9009091407243106 604.2436701056715
86.93546448936229 8.4502482909041 580.469169294259
241.69059481044013 11.378655291079191 592.3662494723312
-83.25037674816494 -2.075013250023316 596.6715727260787
211.16797154180318 -7.868697812793185 599.3618571498956
-154.14280980963525 5.9357263805217455 605.6536413991354
40.39399094208869 -7.101360120560557 616.291680497046
93.0306147938582 13.965429565657967 600.0472222012081
-231.89199844812453 -4.444167664035975 616.976905439046
42.770478275115124 -5.51526703392017 592.3752800863958
