12.826032558206862 3.0735407977987017 593.9968315808361
-197.1598774939448 -1.4748849214337252 616.8251292248367
80.90281919123532 -12.067100328268445 583.2448582713587
52.854784531696794 3.3281938812434926 589.730183518833
219.90768522866824 -24.758191945930005 594.189789651753
87.74227127105706 -25.022795789519204 606.7349830597119
105.95826429515904 -5.209169364408987 594.9914063633829
7.827075611125224 25.143382757386927 604.5595197107887
232.48685406794243 -5.050351323415292 606.734819870994
202.79340676642454 -10.092104861192503 619.8087228986068
156.58609841863688 -6.812444035443143 624.8764789166668
-116.82661676857381 -16.3064643580119 593.00183033084
-50.09382962416885 -2.5425265401744257 598.09133771067
174.1779284271759 -2.9773986714113674 608.2423992743459
180.61197843475765 -14.825321691444964 614.5132097551259
-236.58120913000502 -3.4209707076067986 601.1250201549615
94.18957870778695 2.7798338793796478 605.0995063973695
96.76808834732884 10.911467163526723 593.3777653872817
-20.24227090687404 -12.355515877507193 596.0100915781273
-17.512084243438295 -5.122997869160768 587.3708231554256
