122.95913480336674 18.556418489832545 603.2027469673263
-45.329037385089464 4.757429341624227 580.1597823347483
34.63268133909992 7.696929698082591 594.5989229497206
122.9701004739236 -11.001164718685853 609.0452344340624
-51.938070311282104 11.61326176718144 579.0685219316715
12.72793718195112 -7.321433611804372 594.1737000130328
-94.32479466139509 7.006011112088467 584.2294856231281
205.96976802626085 10.321519670930872 599.6645258369335
178.03155173567774 -10.896719506724343 605.6933238620777
139.41308795131488 -2.5171972499610047 629.5562528783944
-147.86310716330865 15.22164126415783 589.4246270558377
-234.6653363551976 -4.929970580301171 613.2128839241595
64.72930051151877 6.341613506124702 599.8219787543065
-236.09928682692816 6.7621971437910116 595.4047292308512
-45.93632439887102 -19.703910872613676 566.1468227395475
154.69876247110585 -6.203203002295318 601.8418131963466
175.23377763593095 -0.4673982715165053 597.3476776975946
249.73306195115572 -2.7137464648932674 582.1392841469692
-35.71298930016448 3.8109028490582366 618.539967793759
86.85854342417781 0.001827163170765435 584.7112781649528
