-86.99143600283728 14.325273869716213 593.9569042201241
-20.498323860430588 2.2661516578738587 605.4596342813945
25.931862173213517 -7.066828473733189 605.3595130935739
-243.50816204071168 6.32597168213298 605.6957666660413
-58.094584588509576 -15.139381524531924 602.4851338876385
26.865974618831387 10.482225224878828 616.4504236182238
87.94601121677573 -5.9180437075168975 624.0085203305606
129.43515298679506 -16.98121196314997 594.6795468197815
-155.2939513976592 7.7237179608902355 602.6796273081188
158.11724011063205 8.810026434598893 593.1110136039133
165.8583532828099 11.489563678720776 600.1570104561494
-54.994762763370005 10.050118188428403 583.9522622057011
180.59894996548502 -4.516616129409115 590.6146737874653
190.97661122154045 2.702357338404232 600.9331399951353
-249.58719275078235 -3.629594812405866 597.8000335708798
-5.311926052047994 7.179625565321297 591.948437870004
42.496119507380456 -9.135681316319005 609.5461018443452
67.80080714525161 1.3282138320172334 603.1022815207001
-211.93825524504507 -2.598141076414542 613.7258401663793
-190.9436065124306 -12.78189827319122 588.8593607004834
