0 0 115 114 113 112 112 112 113 114 112 111 113 114 113 113 109 112 114 113 112 111
0 100 115 112 110 110 114 112 112 113 112 111 112 114 112 112 111 111 113 113 113 112
0 200 114 112 111 108 112 114 113 112 112 113 113 113 114 111 111 111 114 113 114 112
0 300 115 111 112 112 114 115 112 114 112 113 112 112 113 113 111 112 114 112 114 112
0 400 114 114 112 113 113 115 112 114 112 113 112 111 113 112 110 113 114 113 114 112
0 500 114 112 113 116 116 115 113 113 112 113 115 111 114 112 110 114 114 111 114 111
0 600 114 115 114 116 116 116 113 115 111 114 115 112 113 113 110 113 116 112 115 112
0 700 115 115 115 117 118 116 113 116 112 114 114 113 112 115 112 114 115 113 115 112
0 800 115 115 114 116 117 116 114 117 112 114 115 112 112 115 114 114 116 113 115 114
0 900 114 115 113 118 119 115 115 115 111 115 115 113 114 119 114 115 115 114 115 114
0 1000 116 115 114 119 117 116 114 117 114 113 117 113 115 118 114 115 115 115 117 113
0 1100 116 117 116 116 118 117 117 117 113 115 118 115 116 119 115 117 116 115 117 114
0 1200 118 115 114 116 117 117 114 118 115 117 118 116 118 118 116 119 117 117 116 114
0 1300 118 117 114 116 117 118 118 117 115 117 117 115 117 119 114 116 119 117 119 117
0 1400 116 116 116 29.3 118 119 118 117 117 117 118 116 118 119 115 117 117 116 119 116
0 1500 118 119 115 118 119 119 115 117 116 118 117 117 118 119 116 119 119 119 117 116
0 1600 115 119 118 117 119 118 115 119 118 117 117 119 118 119 118 117 117 118 117 117
0 1700 29.0 119 116 114 118 118 118 119 114 114 115 118 118 26.3 118 118 116 33.3 119 118
0 1800 31.3 118 117 116 118 117 117 117 118 118 117 116 117 119 118 118 117 116 118 117
0 1900 117 117 118 117 24.7 118 118 28.3 114 118 30.7 115 117 118 115 119 27.3 116 116 117
100 0 113 114 112 110 116 112 113 115 113 111 115 113 111 113 111 113 113 113 112 112
100 100 114 113 111 112 113 112 112 114 113 111 112 114 111 111 111 111 114 113 114 111
100 200 114 111 111 113 114 113 113 115 112 112 110 114 114 113 112 111 114 113 115 113
100 300 114 113 112 113 115 115 113 114 111 111 112 113 113 112 111 112 115 112 114 112
100 400 111 111 112 115 114 114 112 114 112 113 112 112 113 112 111 113 116 113 113 111
100 500 115 113 113 116 115 113 113 114 112 113 114 112 113 114 112 112 115 114 113 112
100 600 114 114 114 117 116 115 112 115 112 114 115 113 115 114 110 113 115 114 116 114
100 700 113 116 116 118 116 114 112 115 112 114 114 113 113 116 112 114 115 113 116 113
100 800 114 116 115 118 118 116 113 117 113 113 114 114 114 118 113 113 115 113 115 113
100 900 117 115 116 116 118 116 116 117 113 113 116 115 115 118 115 115 118 115 114 114
100 1000 116 116 116 118 118 114 115 117 113 114 117 114 114 118 114 114 116 116 117 114
100 1100 117 116 117 118 119 116 118 116 114 116 118 113 117 118 114 116 117 118 118 113
100 1200 117 116 118 31.7 117 116 115 119 115 115 118 114 116 118 116 117 119 118 117 115
100 1300 116 117 117 31.0 116 117 113 119 114 117 118 116 117 119 113 117 118 118 117 115
100 1400 116 117 116 32.0 118 119 118 118 117 117 118 116 117 118 115 118 117 117 118 117
100 1500 119 118 117 116 117 118 119 119 114 117 118 116 118 119 118 116 118 118 116 116
100 1600 30.7 118 117 118 117 118 118 118 115 118 119 117 115 118 119 119 117 117 118 118
100 1700 119 117 116 118 118 119 117 117 114 116 117 118 116 119 115 118 119 117 118 116
100 1800 117 116 116 30.3 30.0 118 118 119 113 115 118 117 118 28.3 119 117 28.0 118 119 118
100 1900 115 116 115 117 25.3 119 30.3 119 117 118 119 115 117 116 117 119 119 116 116 117
200 0 113 115 113 111 116 113 112 117 112 111 114 114 111 113 111 114 113 112 114 112
200 100 115 115 111 113 115 114 113 115 112 113 113 117 111 113 112 112 115 111 115 112
200 200 116 114 112 112 116 112 114 115 114 113 111 116 113 113 113 112 116 112 114 112
200 300 114 112 114 112 117 114 114 116 113 112 112 115 114 113 111 113 117 113 115 112
200 400 115 113 113 114 116 113 113 114 113 112 113 114 115 114 111 113 116 112 114 113
200 500 114 114 114 115 116 114 115 115 113 113 113 114 113 114 112 114 114 115 114 114
200 600 115 115 115 116 118 114 114 116 112 113 114 112 113 113 112 114 115 114 115 113
200 700 115 116 115 117 117 115 116 115 114 115 115 114 114 114 112 115 117 114 115 113
200 800 114 116 117 117 117 115 115 117 114 114 113 114 114 115 113 114 116 114 116 112
200 900 118 117 116 118 119 117 117 117 114 115 116 112 114 117 114 115 116 114 116 115
200 1000 118 117 116 118 118 117 118 117 114 115 117 112 115 119 114 115 117 114 116 115
200 1100 116 117 117 117 118 118 118 116 114 115 116 114 118 118 115 116 117 117 117 114
200 1200 116 115 117 117 119 119 117 118 114 115 117 115 116 117 114 114 117 118 117 115
200 1300 117 116 118 118 119 118 116 32.3 115 117 118 116 116 117 114 117 117 118 118 113
200 1400 116 117 117 119 117 119 118 118 117 117 118 117 117 117 115 117 119 117 117 118
200 1500 117 117 118 31.7 118 116 118 30.3 118 115 118 118 117 118 117 117 119 118 118 115
200 1600 118 117 118 119 30.7 117 118 31.7 119 116 117 119 117 117 116 115 119 119 119 114
200 1700 118 117 119 119 119 118 31.3 119 118 118 119 118 116 117 116 118 118 118 118 117
200 1800 117 31.0 116 25.7 119 119 119 119 118 117 118 119 119 118 117 116 119 119 118 117
200 1900 117 116 114 117 31.7 117 119 119 116 119 117 114 119 114 117 119 119 116 115 113
300 0 114 116 114 114 116 114 112 118 112 112 117 117 111 114 111 115 114 112 117 112
300 100 115 115 113 114 117 115 113 116 113 112 114 117 111 112 112 113 117 113 115 112
300 200 114 114 113 113 116 113 114 116 114 112 113 117 111 115 112 113 116 113 115 112
300 300 114 114 113 113 117 114 114 116 113 113 113 116 113 113 113 113 115 112 115 113
300 400 114 113 113 114 116 113 114 117 115 112 113 117 113 115 113 113 117 113 115 114
300 500 114 115 114 117 116 114 115 116 115 113 115 116 114 117 112 113 117 114 115 114
300 600 115 115 115 116 116 114 115 117 114 114 114 116 113 116 112 115 117 114 115 115
300 700 113 117 116 118 117 117 115 117 114 114 114 113 113 118 112 114 116 115 115 115
300 800 116 115 116 118 118 117 116 117 114 114 114 114 114 118 112 114 117 114 115 117
300 900 117 116 117 119 118 117 116 118 114 115 117 113 116 119 115 116 115 115 116 117
300 1000 118 117 116 119 118 117 117 118 113 116 117 114 114 119 114 117 118 116 117 115
300 1100 117 117 117 119 119 118 119 119 112 116 118 115 115 119 115 115 118 118 116 117
300 1200 119 118 118 31.7 31.7 117 117 119 114 116 118 116 118 30.7 117 118 118 118 118 115
300 1300 119 118 114 119 119 118 118 119 118 115 118 117 117 119 115 119 119 118 119 116
300 1400 119 118 118 119 119 32.7 117 119 117 118 119 117 119 118 117 117 26.3 119 119 116
300 1500 118 118 119 119 31.3 118 117 118 115 118 119 118 118 29.3 115 119 118 31.3 119 116
300 1600 33.7 118 119 118 118 117 117 118 115 116 118 116 117 118 116 119 117 118 33.0 118
300 1700 33.3 119 119 118 119 28.7 118 29.0 118 117 118 118 116 28.3 118 29.7 117 119 115 118
300 1800 31.0 28.3 116 24.3 119 116 119 118 119 117 119 27.3 118 118 118 116 119 119 119 119
300 1900 114 117 115 118 119 117 118 118 117 117 116 114 117 118 118 118 119 116 116 114
400 0 114 118 115 116 118 114 114 118 114 113 118 117 113 117 114 115 115 112 116 111
400 100 115 117 114 115 119 115 115 118 113 113 115 118 112 117 112 115 117 114 115 114
400 200 116 115 115 114 119 115 115 116 113 113 115 117 113 115 112 114 119 114 114 113
400 300 115 115 113 115 118 115 115 118 113 113 115 118 113 116 112 115 118 113 115 114
400 400 115 115 114 117 118 113 115 118 114 113 114 118 112 116 113 116 117 114 116 115
400 500 116 115 114 118 119 116 115 118 114 114 116 117 112 116 113 116 117 115 114 115
400 600 115 115 116 119 117 117 116 118 113 115 116 117 112 117 112 114 118 115 115 116
400 700 115 116 116 119 118 117 117 119 114 114 115 117 113 118 112 115 118 113 116 116
400 800 116 116 117 33.3 33.7 117 116 119 114 115 115 116 114 119 113 117 117 115 115 118
400 900 116 117 116 118 119 117 117 118 113 115 117 115 116 119 114 116 118 116 116 115
400 1000 118 118 117 119 118 118 118 119 113 115 118 116 118 31.3 114 118 118 118 116 116
400 1100 118 118 117 32.7 32.0 118 118 32.0 113 117 117 117 117 30.3 115 119 119 117 118 116
400 1200 32.3 118 117 119 119 118 119 117 115 118 119 118 119 31.0 114 118 32.3 118 117 118
400 1300 118 119 118 119 119 32.7 118 119 117 117 33.3 118 117 30.3 115 119 119 119 119 118
400 1400 118 119 118 33.7 119 118 118 119 119 118 119 31.7 119 25.7 116 114 119 117 118 118
400 1500 33.7 119 118 119 118 118 119 118 117 117 118 119 30.7 30.3 117 119 119 119 118 118
400 1600 117 33.3 118 118 119 118 27.7 27.7 117 118 116 32.7 119 29.3 118 117 119 119 118 117
400 1700 31.0 118 119 119 32.7 22.7 118 119 118 117 117 29.7 119 31.3 117 119 27.7 118 30.0 117
400 1800 27.3 31.0 116 26.7 33.3 118 119 119 33.0 117 119 119 119 119 117 119 119 32.0 116 119
400 1900 116 111 113 115 118 116 115 112 115 115 118 112 114 116 118 119 118 116 117 117
500 0 117 119 114 117 119 116 115 119 114 114 118 119 114 118 114 115 116 116 117 114
500 100 117 118 116 118 33.0 116 116 119 114 114 117 119 112 116 113 116 117 116 117 115
500 200 116 118 116 117 119 115 116 119 114 113 117 31.0 111 118 113 117 118 115 116 115
500 300 116 118 115 117 119 116 115 119 114 114 116 30.3 113 119 113 116 119 117 115 115
500 400 116 118 114 119 119 116 115 119 113 114 115 32.7 113 117 113 116 117 115 115 115
500 500 117 118 115 119 117 117 116 119 115 114 116 118 112 118 112 116 118 114 116 116
500 600 118 118 115 119 119 117 116 119 113 115 117 119 113 118 113 116 118 114 117 118
500 700 116 116 116 32.3 33.3 117 117 119 113 115 117 118 114 119 113 117 118 114 116 117
500 800 118 118 115 119 119 118 118 119 113 114 117 117 115 119 114 117 118 115 117 118
500 900 116 118 118 31.3 31.3 118 118 119 114 116 118 117 117 31.7 114 118 118 117 116 115
500 1000 119 118 116 119 118 118 119 32.7 114 116 118 119 115 31.0 115 118 119 115 118 117
500 1100 119 117 118 119 31.7 118 118 32.3 115 116 118 119 118 31.0 114 119 33.3 118 117 118
500 1200 117 119 118 119 32.7 118 118 119 116 118 119 31.7 119 30.3 115 119 30.7 119 118 117
500 1300 117 118 119 33.7 33.0 33.0 118 119 116 117 33.3 30.3 119 30.3 115 118 32.3 117 32.7 117
500 1400 118 33.3 29.7 28.7 119 33.0 119 28.7 118 117 30.3 119 117 32.7 117 118 30.7 117 31.3 33.0
500 1500 118 119 118 31.7 119 119 119 30.0 118 118 117 32.7 119 118 118 31.3 29.0 118 118 33.0
500 1600 30.0 32.7 118 119 32.3 29.0 119 119 115 118 119 32.0 32.0 25.7 118 119 117 117 30.3 119
500 1700 117 32.3 118 29.7 28.7 23.3 119 119 119 117 119 27.3 119 26.7 117 119 119 119 27.0 117
500 1800 33.0 119 28.3 33.3 33.3 118 119 119 119 117 119 31.7 119 25.3 118 119 117 28.0 119 26.0
500 1900 114 112 111 112 110 113 112 109 109 112 112 111 111 114 115 116 113 109 112 113
600 0 119 32.0 118 33.3 30.7 118 117 30.7 115 118 119 118 113 119 117 116 116 116 118 116
600 100 119 119 116 33.7 31.0 119 116 33.3 113 117 118 32.7 114 119 116 117 117 117 118 116
600 200 118 119 115 119 33.7 118 116 32.0 115 116 117 30.7 114 118 115 118 119 117 119 115
600 300 117 33.7 116 31.0 119 117 115 32.7 114 114 116 28.7 113 119 113 116 33.7 117 118 116
600 400 118 118 115 32.3 32.3 117 116 32.3 116 115 116 27.3 113 33.0 113 117 119 116 117 116
600 500 117 33.3 117 31.7 32.3 118 117 33.7 114 114 116 119 112 119 113 116 118 117 117 117
600 600 118 118 117 31.7 32.7 118 117 119 115 114 118 33.0 116 119 112 118 119 117 117 118
600 700 119 118 118 32.3 31.3 118 118 119 115 115 117 32.3 116 31.3 114 118 119 114 117 118
600 800 119 119 117 30.7 119 118 119 119 113 116 118 32.7 116 30.3 114 117 119 116 117 117
600 900 119 119 117 30.7 30.7 118 118 31.3 114 116 118 119 117 31.0 115 118 33.7 117 116 118
600 1000 32.7 119 119 30.3 32.0 119 119 31.0 115 116 119 119 118 29.0 115 118 31.3 119 118 117
600 1100 118 119 119 32.3 32.0 118 33.0 119 115 118 118 30.0 119 29.3 114 32.3 33.7 118 118 118
600 1200 32.3 119 119 30.3 119 119 32.0 119 116 118 119 32.3 118 33.0 116 32.0 119 31.7 119 118
600 1300 118 32.3 32.0 119 29.3 119 30.3 29.3 118 117 119 31.0 119 31.7 116 32.3 29.3 117 32.0 32.3
600 1400 119 119 118 31.3 28.7 28.3 119 30.3 116 118 119 32.3 32.7 27.7 116 31.7 32.3 118 119 117
600 1500 118 33.0 118 27.3 119 30.3 33.0 33.3 117 119 32.7 119 118 25.0 118 119 28.0 117 118 118
600 1600 118 31.0 119 30.0 26.7 119 31.7 118 119 117 31.3 27.0 32.3 24.0 119 119 119 118 27.7 119
600 1700 30.3 119 33.7 119 119 119 29.7 118 119 118 118 30.0 29.0 27.0 117 118 26.3 33.0 25.7 118
600 1800 119 32.0 117 118 119 32.0 32.0 116 117 117 118 118 31.7 117 116 29.0 118 119 119 119
600 1900 114 110 110 106 105 111 106 103 110 110 105 108 112 112 110 111 108 107 109 112
700 0 119 29.0 118 30.7 27.3 33.0 119 30.0 117 119 33.7 32.3 118 30.3 32.3 119 118 117 119 117
700 100 119 30.0 118 28.0 30.3 32.3 118 29.0 115 117 119 32.3 116 32.7 117 119 117 119 118 118
700 200 119 31.0 118 30.0 30.3 119 118 29.7 115 117 119 29.0 116 32.3 115 119 33.7 33.3 119 117
700 300 119 31.7 117 29.3 32.3 119 118 29.7 115 116 119 31.0 117 31.3 114 119 33.0 119 119 117
700 400 119 33.3 118 27.7 30.7 119 117 30.3 115 116 119 27.7 116 32.0 113 119 32.3 117 119 118
700 500 119 32.7 117 27.3 32.7 119 118 30.0 115 116 117 30.0 115 29.7 113 117 119 118 119 118
700 600 119 119 119 28.7 30.0 119 118 119 115 116 117 30.7 117 31.3 113 119 33.3 117 117 118
700 700 119 33.0 118 28.3 31.3 118 119 29.3 114 116 118 31.0 117 31.7 115 119 33.3 118 117 118
700 800 119 118 118 27.7 32.3 119 119 33.7 114 116 117 30.0 119 30.7 115 119 32.7 118 118 118
700 900 32.0 33.3 119 30.3 31.3 119 32.3 33.7 114 117 119 30.7 118 30.0 117 32.0 33.0 119 118 118
700 1000 31.7 33.7 31.7 27.3 29.0 119 31.3 31.0 116 116 119 29.7 119 30.7 115 119 31.3 32.3 119 118
700 1100 119 119 33.0 29.0 32.7 33.7 119 119 115 116 119 28.7 118 28.0 117 33.0 30.7 119 119 119
700 1200 32.0 119 32.0 30.7 119 119 30.3 119 116 118 31.7 29.7 33.3 30.0 116 119 30.7 31.3 119 118
700 1300 32.3 119 119 30.7 29.0 27.0 119 29.0 117 117 118 26.3 30.3 29.3 119 118 31.3 119 33.7 117
700 1400 31.7 119 28.7 32.0 30.3 27.0 29.3 24.3 119 119 33.0 27.0 30.0 27.7 119 30.7 33.0 31.7 27.3 119
700 1500 31.7 119 26.7 119 29.0 29.7 30.7 27.7 119 119 119 33.3 119 24.0 118 31.3 33.3 33.7 33.7 118
700 1600 29.3 119 30.3 29.0 32.7 33.3 29.3 119 32.7 33.7 32.7 32.7 119 25.3 119 33.7 23.3 119 118 30.7
700 1700 29.3 29.0 31.7 22.0 119 32.7 30.7 119 119 119 118 26.7 31.3 118 117 27.7 24.7 30.0 30.3 119
700 1800 117 113 116 116 116 115 116 112 114 115 117 113 117 117 116 118 115 114 116 117
700 1900 109 103 103 103 103 106 105 100 104 105 103 106 106 105 108 106 106 105 106 107
800 0 30.3 26.3 32.3 25.7 23.0 30.3 30.3 28.0 118 32.7 29.3 29.7 119 28.0 28.7 30.3 119 31.7 31.7 118
800 100 31.3 26.3 31.0 25.0 24.0 29.7 31.0 24.3 118 118 31.7 30.3 119 29.7 119 30.3 33.0 31.7 32.0 33.0
800 200 33.3 28.7 119 25.0 25.3 31.7 33.0 25.3 116 118 32.7 30.0 118 31.3 118 119 30.3 30.7 32.3 31.3
800 300 33.3 32.0 119 25.0 26.7 31.3 33.7 26.0 117 118 32.3 27.0 117 30.0 118 119 32.3 31.7 32.7 119
800 400 32.7 30.7 119 25.3 27.7 31.3 33.7 27.3 116 117 119 27.3 117 30.0 117 119 31.7 32.0 33.0 119
800 500 31.7 119 119 24.0 28.7 30.3 119 27.3 116 117 119 29.3 116 29.0 114 119 30.7 119 119 119
800 600 32.0 32.3 119 25.3 27.7 119 119 27.7 116 116 119 29.7 119 29.0 114 32.0 30.7 119 119 119
800 700 31.7 119 32.3 26.0 28.0 119 31.3 27.7 115 116 119 29.0 118 29.0 114 32.7 31.3 117 119 119
800 800 119 119 119 26.3 31.3 33.3 33.3 26.7 116 116 119 27.3 118 29.0 116 30.7 30.7 32.3 119 118
800 900 32.3 119 31.3 26.3 29.3 33.3 119 32.7 117 117 33.3 29.7 119 28.3 117 31.0 32.0 31.3 119 118
800 1000 31.3 119 30.7 25.3 28.3 33.7 118 30.3 117 117 119 27.3 119 28.3 116 119 29.7 31.0 119 119
800 1100 31.0 32.3 119 31.0 29.3 29.3 31.3 25.7 118 118 119 32.0 32.3 25.7 116 32.0 27.3 32.0 29.7 119
800 1200 31.0 119 27.7 24.3 30.7 31.7 29.0 26.0 118 117 31.7 27.0 31.7 29.0 119 31.0 26.0 30.7 29.7 119
800 1300 29.3 119 30.7 27.3 27.0 31.7 119 26.3 119 119 31.7 27.7 28.7 28.7 118 119 27.3 32.0 29.0 33.0
800 1400 118 119 28.3 25.7 27.3 29.7 27.7 23.0 119 119 33.3 29.7 28.7 27.3 118 32.0 25.3 119 27.3 31.7
800 1500 119 119 26.0 119 29.3 24.3 119 30.3 118 119 31.0 33.7 32.7 25.7 33.7 26.3 31.0 31.3 27.3 118
800 1600 119 26.7 26.3 22.3 32.7 30.3 28.0 119 119 32.0 118 119 30.3 31.0 116 27.0 23.0 119 26.3 29.7
800 1700 31.3 118 119 26.3 28.0 31.7 30.7 117 33.3 117 30.7 117 119 118 117 27.3 119 118 26.7 32.7
800 1800 117 111 113 111 107 112 112 106 112 115 110 110 114 116 112 116 112 110 111 113
800 1900 101 102 102 102 100 102 102 100 101 101 102 103 101 101 102 104 102 101 101 104
900 0 25.3 24.0 28.7 24.7 21.3 27.0 27.0 24.7 31.0 29.7 29.0 29.7 33.0 23.0 29.3 26.3 31.3 30.3 31.0 30.3
900 100 27.0 25.3 26.7 23.7 21.3 27.0 28.3 24.7 118 32.3 30.7 29.3 33.3 25.0 32.0 28.7 27.0 28.0 30.3 29.7
900 200 28.0 27.3 26.3 24.0 23.3 30.0 29.7 24.7 118 33.0 30.0 28.3 119 27.3 33.7 30.0 28.0 27.7 29.3 29.3
900 300 31.0 29.0 29.3 25.3 24.7 29.7 31.7 26.3 116 119 32.0 27.3 119 27.0 119 33.7 28.0 28.0 30.3 30.0
900 400 33.0 32.7 28.7 25.0 26.0 31.0 31.3 28.7 117 118 31.3 26.3 33.3 26.7 119 119 28.0 28.3 33.0 33.7
900 500 31.3 33.3 30.0 24.7 27.0 29.0 32.3 27.7 116 117 32.7 28.0 119 26.7 119 32.0 28.0 29.3 32.3 33.7
900 600 31.3 33.0 28.3 24.0 27.0 28.7 32.7 26.7 116 118 33.7 27.3 31.7 27.7 117 32.3 26.7 119 30.7 119
900 700 33.0 119 27.7 25.7 26.7 29.7 31.7 29.0 116 118 32.7 27.7 32.0 28.0 117 33.7 26.7 32.0 30.0 33.3
900 800 32.0 32.7 29.3 24.3 28.0 119 118 28.0 117 117 119 27.3 30.7 28.3 116 30.3 25.0 31.0 29.0 118
900 900 31.7 119 28.3 24.3 27.7 29.7 30.3 28.0 117 117 32.7 27.7 33.0 27.3 117 30.7 25.3 31.3 28.7 33.7
900 1000 29.7 119 29.7 26.7 27.0 29.3 119 25.3 117 118 31.7 25.7 118 28.3 119 31.3 24.7 30.7 27.7 31.7
900 1100 31.3 31.0 27.3 25.3 29.3 31.7 31.7 23.0 116 119 30.3 26.3 30.7 27.3 118 30.3 26.3 33.3 31.3 117
900 1200 31.3 119 29.3 26.3 27.3 29.0 32.0 24.0 119 119 32.3 25.7 119 26.3 117 33.3 26.3 119 26.3 32.0
900 1300 32.3 30.7 30.3 26.3 25.7 31.7 30.3 23.3 119 33.7 119 26.3 31.0 28.7 117 33.3 25.7 119 27.0 30.7
900 1400 119 29.7 30.0 23.3 30.0 26.7 29.7 33.7 119 119 32.3 27.0 27.7 29.0 118 29.0 24.0 28.0 119 32.7
900 1500 119 118 119 31.0 28.0 26.0 119 26.0 119 118 33.3 24.0 119 26.7 33.0 26.7 28.0 27.3 26.7 119
900 1600 28.0 32.3 28.3 27.7 25.3 22.0 26.7 119 119 118 30.0 30.7 119 32.3 117 22.7 31.3 119 27.3 31.3
900 1700 117 114 115 116 113 116 116 112 114 118 116 113 117 117 116 119 115 114 116 117
900 1800 111 109 107 104 104 108 107 101 107 110 107 108 110 109 110 111 107 106 110 111
900 1900 100 100 100 100 100 100 100 100 100 100 100 100 100 100 100 100 100 100 100 100
1000 0 23.3 22.0 24.7 21.7 19.7 26.3 25.3 22.7 27.3 28.0 28.3 26.3 29.7 22.3 27.0 25.0 28.0 28.3 28.7 27.0
1000 100 24.3 22.3 23.7 20.3 21.0 25.0 28.0 21.3 29.7 28.0 30.0 28.7 30.3 23.3 30.3 26.0 23.3 26.0 26.3 27.3
1000 200 24.7 23.7 24.0 20.3 22.3 26.3 28.3 22.0 31.7 29.0 29.7 26.0 31.0 22.7 30.7 28.0 27.0 27.3 28.7 27.7
1000 300 28.3 27.0 24.7 23.0 23.3 26.0 28.0 23.3 33.7 29.3 31.0 24.7 30.3 24.3 33.0 30.3 23.7 27.0 27.3 27.7
1000 400 29.7 31.3 28.7 22.3 24.7 27.0 30.0 24.7 117 119 32.0 24.7 30.0 25.0 33.3 32.7 23.0 26.7 27.0 28.0
1000 500 27.3 32.3 27.3 23.7 25.0 27.0 30.0 24.3 117 119 31.3 26.0 31.0 25.3 33.0 31.0 26.0 28.0 29.0 29.7
1000 600 28.3 31.7 28.3 25.0 26.7 27.0 31.0 24.0 118 119 31.7 27.0 30.3 25.7 119 29.7 24.0 31.3 28.7 32.3
1000 700 30.7 29.7 30.0 24.0 28.3 29.0 29.3 24.0 118 119 119 27.3 29.7 24.3 118 29.7 25.3 27.7 28.7 31.3
1000 800 28.7 31.3 28.0 22.3 26.7 26.0 30.3 25.7 117 119 31.7 29.0 30.7 24.7 118 30.7 23.7 30.0 26.3 32.3
1000 900 29.0 119 27.3 24.7 25.3 27.3 31.7 25.7 116 119 32.7 25.3 28.3 24.0 118 33.7 23.3 32.3 26.3 119
1000 1000 28.0 119 27.3 24.3 25.3 26.0 29.3 25.3 117 119 32.0 28.3 27.3 29.0 119 28.0 25.0 31.0 27.7 32.7
1000 1100 30.3 33.7 25.3 23.0 27.7 25.7 30.3 28.0 119 118 30.3 26.0 26.3 26.0 119 27.7 25.3 28.0 30.0 33.0
1000 1200 27.3 30.0 30.0 23.3 30.3 27.7 29.3 24.3 118 119 119 32.7 26.3 23.7 119 25.7 25.0 28.0 119 30.0
1000 1300 28.7 30.0 26.0 24.3 24.3 26.3 33.7 25.0 31.3 32.3 29.0 26.3 27.3 24.3 119 26.0 26.7 29.7 28.3 27.7
1000 1400 27.7 30.7 28.0 26.7 26.3 23.3 28.7 22.0 119 119 29.0 28.7 26.0 24.0 119 25.7 30.0 30.3 26.0 32.3
1000 1500 119 30.0 33.3 29.7 25.7 21.3 119 28.7 117 119 119 29.0 119 33.7 33.3 28.0 27.3 24.7 32.7 29.7
1000 1600 119 114 116 117 119 118 118 115 116 118 119 115 118 117 116 119 117 119 117 118
1000 1700 117 111 113 110 108 112 112 107 112 114 108 109 116 116 112 115 111 110 110 113
1000 1800 104 104 104 102 100 105 103 101 103 103 103 105 103 103 107 106 104 103 106 106
1000 1900 100 100 100 100 100 100 100 100 100 100 100 100 100 100 100 100 100 100 100 100
1100 0 21.7 20.7 22.0 20.0 19.0 22.3 24.0 21.3 25.0 24.0 26.0 24.7 26.0 21.3 24.0 23.0 21.7 24.7 26.0 26.0
1100 100 20.7 20.3 21.3 19.3 17.7 22.0 23.7 20.0 26.7 25.3 28.3 22.7 28.7 22.0 27.7 23.0 22.3 24.3 25.0 26.3
1100 200 23.3 21.7 20.7 20.3 20.3 22.3 24.7 19.7 29.7 26.0 29.7 20.7 28.0 21.3 29.7 26.0 22.0 25.7 25.0 25.0
1100 300 24.7 24.3 21.3 22.0 20.7 24.0 25.3 20.0 30.7 28.3 29.0 22.7 28.7 22.3 29.7 27.3 23.7 25.3 25.7 25.0
1100 400 24.3 27.7 23.7 21.3 23.0 26.3 25.3 21.7 119 30.3 29.7 22.0 29.0 23.0 32.0 27.3 23.7 26.3 26.0 26.7
1100 500 23.3 29.3 25.7 22.0 23.0 27.3 29.0 23.3 118 30.3 28.7 24.3 28.7 23.3 30.7 29.0 22.3 28.0 25.7 26.3
1100 600 26.7 30.0 26.3 23.3 23.7 27.0 29.0 24.7 118 30.3 29.7 24.3 29.0 24.0 33.0 29.0 23.0 25.0 25.3 28.0
1100 700 26.7 29.7 28.0 22.3 24.0 26.7 28.0 24.0 118 119 32.0 24.3 28.3 25.0 32.0 26.3 23.3 25.3 24.7 29.3
1100 800 26.0 28.7 25.3 24.0 23.7 28.7 28.7 25.3 119 118 28.3 26.0 28.3 25.0 119 25.7 24.3 27.7 26.7 29.0
1100 900 27.0 30.7 26.0 24.0 24.3 28.3 30.0 25.7 119 118 28.7 27.3 27.3 25.3 33.0 27.7 25.0 28.7 26.7 28.0
1100 1000 26.3 29.3 26.3 25.0 24.0 26.3 119 25.7 118 119 29.0 28.3 26.3 25.7 33.3 26.0 23.0 28.0 25.7 27.7
1100 1100 30.0 33.7 25.3 25.3 25.7 26.0 32.0 22.7 119 31.3 119 29.7 25.7 24.0 119 25.7 25.0 33.0 29.0 30.0
1100 1200 26.7 28.3 26.0 27.3 26.3 25.0 28.0 23.7 118 119 28.7 26.3 26.3 24.3 33.7 26.3 24.3 29.3 24.3 27.3
1100 1300 27.7 28.0 28.7 24.0 28.3 21.3 29.3 23.0 30.3 119 29.3 26.3 28.7 26.7 119 26.7 25.0 28.0 27.0 28.0
1100 1400 28.7 27.7 30.0 23.3 23.7 21.3 30.7 22.7 30.0 119 29.7 30.0 26.3 28.3 32.3 28.3 23.7 27.3 25.3 30.3
1100 1500 29.0 117 117 118 31.3 118 118 116 116 118 119 117 119 118 118 33.3 119 31.3 119 29.3
1100 1600 117 113 115 113 110 113 115 108 112 116 114 112 117 116 116 118 112 111 111 116
1100 1700 112 107 105 103 103 108 108 101 106 109 107 106 111 109 109 111 108 106 109 110
1100 1800 100 100 100 101 100 100 100 100 100 100 100 101 100 100 100 101 101 100 100 100
1100 1900 100 100 100 100 100 100 100 100 100 100 100 100 100 100 100 100 100 100 100 100
1200 0 19.3 19.3 18.3 18.3 16.0 21.0 21.3 19.3 23.7 21.3 23.0 22.7 24.7 19.0 21.7 23.0 21.3 23.0 24.3 24.7
1200 100 19.3 19.0 19.0 18.0 17.0 20.3 22.3 18.7 23.0 23.0 24.3 20.0 24.3 18.3 24.7 22.0 21.3 23.0 25.0 23.3
1200 200 20.7 19.7 20.0 19.0 18.0 20.7 22.0 18.7 25.3 26.0 27.7 19.3 23.7 20.3 28.7 22.7 21.0 23.7 24.7 24.0
1200 300 22.0 22.0 19.3 18.3 18.0 22.3 22.7 18.0 29.0 27.3 28.0 21.7 27.0 22.0 28.7 25.7 22.0 24.0 23.3 23.7
1200 400 21.3 25.0 20.3 19.3 21.0 23.3 24.3 20.3 32.3 26.7 29.0 21.0 26.3 21.3 29.7 27.0 23.0 26.0 23.7 24.7
1200 500 23.7 26.0 22.0 20.3 22.0 24.3 24.0 21.3 119 27.7 27.0 22.3 25.3 21.0 30.0 26.0 24.3 24.3 25.3 26.0
1200 600 23.7 28.3 22.0 21.7 23.3 25.0 26.3 24.3 118 29.0 27.3 22.7 26.3 23.0 30.0 25.7 23.3 25.7 23.7 24.3
1200 700 23.0 28.7 24.7 20.7 22.3 24.7 26.0 25.0 119 28.7 28.0 23.7 27.3 22.0 29.7 25.7 22.3 25.7 25.7 25.0
1200 800 23.3 30.0 24.3 25.0 23.0 24.7 26.0 22.7 119 30.0 28.0 25.3 26.0 23.0 31.7 26.3 23.0 26.3 27.0 24.7
1200 900 23.7 28.3 24.3 23.3 23.0 23.0 27.0 22.7 33.7 30.7 27.0 26.3 26.7 23.3 32.3 24.7 22.3 27.3 27.7 28.7
1200 1000 27.7 28.7 23.3 22.3 25.0 22.7 27.7 21.3 119 29.7 27.0 25.0 23.7 23.3 32.3 24.7 23.0 27.7 27.3 25.7
1200 1100 27.3 27.0 26.3 21.3 23.0 22.0 30.3 22.7 119 119 27.7 29.3 23.3 22.7 30.0 26.3 25.0 28.7 23.7 25.3
1200 1200 26.0 30.3 23.7 23.0 26.0 23.7 27.3 25.3 119 29.7 26.3 27.0 23.3 23.3 119 24.7 24.0 26.7 27.0 24.0
1200 1300 26.3 28.3 23.7 23.7 27.3 26.3 27.3 28.0 31.7 32.3 26.3 24.0 24.0 23.3 28.7 23.3 24.3 27.3 29.0 26.3
1200 1400 28.0 118 117 119 28.0 119 118 117 117 118 119 117 119 118 118 32.3 119 29.7 119 30.0
1200 1500 117 113 115 115 111 114 116 111 114 116 115 112 117 117 115 118 114 114 112 116
1200 1600 115 111 109 106 107 111 110 104 110 111 107 108 114 113 110 113 111 107 110 112
1200 1700 102 104 104 102 100 104 104 101 104 104 104 104 103 103 106 107 104 103 104 105
1200 1800 100 100 100 100 100 100 100 100 100 100 100 100 100 100 100 100 100 100 100 100
1200 1900 100 100 100 100 100 100 100 100 100 100 100 100 100 100 100 100 100 100 100 100
1300 0 19.7 18.7 18.7 15.0 17.0 19.3 18.0 16.7 24.7 19.7 20.7 18.7 21.7 18.3 21.0 21.0 20.0 21.3 24.3 21.0
1300 100 19.7 20.0 17.0 15.3 16.3 18.0 19.7 15.3 22.3 21.7 22.3 19.3 19.7 18.3 21.3 20.3 19.0 21.0 22.0 21.0
1300 200 19.0 20.3 17.3 16.7 17.3 19.0 22.0 15.0 23.3 22.3 26.3 18.0 22.3 20.3 23.3 21.0 18.3 20.7 22.0 21.0
1300 300 20.3 21.7 17.3 16.7 17.0 20.0 20.3 16.7 25.3 23.7 26.0 19.7 24.0 19.7 27.7 24.7 20.3 21.0 22.0 20.3
1300 400 20.7 22.3 18.0 18.7 18.3 20.3 22.0 18.3 27.0 24.7 25.0 18.7 25.3 21.7 28.7 26.0 21.7 22.7 22.3 22.0
1300 500 22.0 25.0 19.7 17.7 18.3 21.7 22.0 20.0 27.0 26.3 25.0 19.3 25.7 22.7 26.3 23.7 22.7 24.7 22.7 23.0
1300 600 22.7 26.7 20.0 20.0 18.3 21.0 24.3 22.7 29.3 26.3 24.7 21.0 25.7 21.3 27.7 25.3 22.7 24.0 27.3 23.7
1300 700 23.7 26.7 21.0 20.3 21.0 21.0 23.7 20.3 33.0 29.3 25.7 25.3 23.3 21.0 29.7 26.3 22.3 22.3 24.7 24.3
1300 800 22.7 28.3 23.0 20.7 20.0 23.7 27.7 20.7 33.3 28.0 28.0 21.7 23.3 21.7 29.0 25.3 22.3 23.0 25.3 24.0
1300 900 23.7 27.3 23.0 21.0 23.3 22.3 28.0 20.3 119 28.7 27.7 22.7 25.3 23.7 27.7 24.7 24.3 22.7 25.3 23.7
1300 1000 23.7 26.3 25.0 21.7 21.7 21.3 27.3 23.0 119 27.7 26.3 24.7 23.7 23.0 27.3 23.7 22.7 24.0 24.0 27.3
1300 1100 23.3 24.3 24.0 20.7 21.3 23.0 24.7 20.3 30.7 32.0 29.0 24.0 26.7 21.7 31.3 24.3 23.7 26.0 26.7 25.0
1300 1200 23.7 24.7 24.0 20.7 21.7 19.3 28.3 23.3 119 28.7 26.3 24.3 24.0 23.3 29.3 22.3 25.7 28.0 25.0 24.7
1300 1300 29.0 117 117 119 28.3 119 118 116 117 118 119 117 119 118 118 31.3 119 119 119 27.3
1300 1400 117 113 115 115 111 115 116 111 114 117 115 112 117 117 116 118 114 114 112 116
1300 1500 116 111 111 110 107 111 111 105 110 112 107 109 114 115 110 115 112 109 110 113
1300 1600 109 104 104 103 103 105 106 101 104 107 105 106 106 104 108 107 104 105 107 108
1300 1700 100 100 100 100 100 100 100 100 100 100 100 100 100 100 100 101 100 100 100 100
1300 1800 100 100 100 100 100 100 100 100 100 100 100 100 100 100 100 100 100 100 100 100
1300 1900 100 100 100 100 100 100 100 100 100 100 100 100 100 100 100 100 100 100 100 100
1400 0 18.3 17.3 16.3 14.3 16.0 17.7 17.3 15.7 19.7 18.0 18.7 17.7 18.0 14.0 19.0 19.3 19.7 20.0 18.3 20.0
1400 100 18.3 17.3 16.3 13.7 16.0 17.7 17.3 14.7 20.7 20.3 19.7 17.3 19.7 17.0 19.7 19.7 18.3 19.7 18.3 19.3
1400 200 18.0 18.3 16.3 13.7 16.0 18.0 20.7 15.7 21.7 19.3 22.7 18.0 21.3 18.3 20.7 19.7 18.7 19.3 18.0 19.3
1400 300 19.0 19.0 16.3 15.7 17.0 18.3 21.7 15.0 22.7 22.0 24.7 17.7 22.0 19.3 24.3 20.0 18.3 19.3 21.3 20.0
1400 400 20.3 20.0 16.0 16.3 16.3 19.0 22.0 16.3 25.0 24.3 25.0 20.3 24.0 21.0 26.7 20.7 18.7 19.3 19.0 18.7
1400 500 20.3 20.0 17.3 19.3 17.7 19.3 21.0 17.3 25.7 24.0 25.3 18.7 21.7 19.3 26.3 22.7 21.3 19.7 19.0 19.7
1400 600 20.7 23.0 18.7 18.7 17.7 19.7 22.0 20.0 27.0 25.3 24.7 20.0 21.0 21.0 25.0 23.3 21.0 21.0 20.7 20.7
1400 700 19.7 26.3 21.0 19.0 18.0 23.0 23.0 19.7 28.0 25.3 27.3 22.7 24.3 21.3 25.3 25.0 21.7 22.3 23.0 20.3
1400 800 22.0 28.0 19.7 18.7 18.0 20.7 24.7 19.7 31.3 24.7 26.7 21.0 23.7 20.7 25.0 21.7 20.7 22.0 23.7 23.0
1400 900 21.7 26.3 19.3 20.0 20.0 19.3 23.7 19.7 31.3 29.3 25.7 23.7 23.0 20.7 25.0 22.0 24.0 21.3 23.3 23.3
1400 1000 24.0 24.7 23.0 18.3 19.7 22.3 26.0 22.3 30.0 29.0 27.3 23.0 24.7 21.7 28.7 20.7 22.3 26.0 22.0 21.7
1400 1100 22.0 33.0 27.3 20.3 24.0 21.3 30.0 28.0 119 33.7 28.0 28.3 26.0 28.7 28.3 21.3 27.0 22.0 25.3 23.0
1400 1200 119 115 116 117 32.0 118 118 115 116 118 119 116 118 118 118 119 117 119 118 119
1400 1300 117 113 115 115 111 114 116 110 114 117 115 112 117 116 116 118 114 113 112 116
1400 1400 116 111 111 111 107 112 112 106 111 112 107 109 114 115 110 115 112 109 110 113
1400 1500 111 105 105 103 103 108 106 101 105 108 107 106 109 105 109 108 105 106 107 109
1400 1600 100 102 100 101 100 100 103 100 101 102 101 102 101 100 101 103 102 100 100 100
1400 1700 100 100 100 100 100 100 100 100 100 100 100 100 100 100 100 100 100 100 100 100
1400 1800 100 100 100 100 100 100 100 100 100 100 100 100 100 100 100 100 100 100 100 100
1400 1900 100 100 100 100 100 100 100 100 100 100 100 100 100 100 100 100 100 100 100 100
1500 0 16.0 15.7 14.7 14.0 15.0 15.0 15.7 13.7 20.0 16.3 17.0 15.7 17.7 13.7 18.7 16.7 17.3 17.7 16.3 17.0
1500 100 16.7 15.0 15.3 13.3 15.3 15.3 16.7 13.3 18.7 17.7 18.3 16.0 17.7 15.7 18.0 18.0 18.7 18.0 16.7 15.7
1500 200 17.7 16.0 16.0 14.3 17.0 17.7 19.7 13.7 19.3 18.3 19.0 16.7 19.0 16.3 19.7 17.7 18.0 18.7 16.0 16.7
1500 300 17.0 18.3 15.0 13.7 17.0 16.7 22.0 13.7 23.0 18.7 25.3 16.0 17.7 18.7 22.3 18.7 17.3 18.7 18.3 16.7
1500 400 18.3 21.0 15.0 14.3 17.3 17.7 19.0 14.7 21.7 22.3 24.3 16.7 21.7 18.3 23.3 21.0 18.7 17.3 17.7 17.3
1500 500 19.7 20.7 15.0 15.0 17.0 17.7 19.7 15.3 25.7 23.0 24.7 18.3 20.7 18.3 25.3 19.3 19.0 17.7 17.3 19.3
1500 600 20.7 22.0 16.0 16.0 18.0 18.3 20.0 16.7 24.0 23.3 25.7 19.3 22.3 19.3 25.3 19.3 20.7 19.7 19.3 19.3
1500 700 19.3 22.0 16.7 18.0 17.3 19.7 21.3 17.7 25.3 25.7 24.7 18.3 22.3 21.3 23.7 22.7 19.7 21.0 20.0 18.3
1500 800 21.0 22.7 17.3 20.3 18.7 19.0 20.0 19.0 26.7 25.7 24.3 19.7 21.0 20.7 24.0 21.0 20.0 21.0 20.7 19.7
1500 900 20.7 28.3 21.3 20.0 16.3 20.0 24.3 23.0 119 23.7 26.7 24.0 23.3 22.7 25.0 20.7 24.3 24.0 22.7 20.3
1500 1000 23.0 118 118 32.0 22.7 119 118 118 118 118 119 118 119 118 118 25.7 119 119 30.7 21.7
1500 1100 118 114 116 117 115 117 117 112 114 118 119 115 118 118 117 119 117 117 117 117
1500 1200 117 113 115 114 110 112 116 109 113 117 115 112 117 116 115 118 114 112 112 116
1500 1300 116 111 111 109 107 112 112 105 110 112 107 109 114 115 110 113 112 108 110 113
1500 1400 112 105 105 103 103 108 107 101 107 108 107 106 109 105 109 108 106 106 109 109
1500 1500 102 102 101 102 100 103 103 100 101 102 103 104 103 102 105 104 103 102 103 103
1500 1600 100 100 100 100 100 100 100 100 100 100 100 100 100 100 100 100 100 100 100 100
1500 1700 100 100 100 100 100 100 100 100 100 100 100 100 100 100 100 100 100 100 100 100
1500 1800 100 100 100 100 100 100 100 100 100 100 100 100 100 100 100 100 100 100 100 100
1500 1900 100 100 100 100 100 100 100 100 100 100 100 100 100 100 100 100 100 100 100 100
1600 0 15.0 14.0 14.7 12.3 14.7 14.7 15.3 12.0 16.7 14.7 15.7 14.7 17.7 13.0 17.7 14.0 16.3 16.3 16.0 16.3
1600 100 14.7 14.7 14.0 12.7 14.3 16.3 15.3 12.3 19.0 13.7 16.7 16.0 17.0 13.7 16.7 15.7 15.7 16.7 15.0 16.0
1600 200 15.3 15.0 14.7 13.3 16.0 16.3 16.0 13.3 19.0 18.3 17.7 16.0 17.0 16.0 17.7 16.0 16.3 16.3 15.3 15.0
1600 300 16.7 16.0 14.0 14.0 16.0 16.7 17.0 13.3 20.3 18.7 20.3 16.0 16.3 16.3 19.0 15.7 16.7 17.7 15.0 17.0
1600 400 17.0 18.7 14.7 14.0 16.7 16.0 20.3 13.7 21.7 19.0 22.0 16.0 18.3 18.0 21.3 19.0 18.0 18.7 16.3 17.0
1600 500 19.0 19.3 15.3 14.7 17.7 16.7 19.3 15.0 22.3 20.3 24.0 19.0 18.3 18.0 22.0 19.3 18.0 17.7 18.7 17.7
1600 600 19.3 22.3 16.0 15.7 17.0 18.0 18.7 15.7 25.0 21.0 23.7 20.3 21.3 18.3 23.0 19.7 19.3 18.0 18.3 19.3
1600 700 21.7 25.3 25.7 17.3 16.7 17.7 21.0 22.7 26.0 25.7 24.0 25.0 21.0 24.7 24.3 18.7 22.7 18.0 22.3 19.0
1600 800 22.0 118 118 28.3 22.7 33.0 119 118 118 118 30.0 118 119 118 119 23.3 119 30.0 29.0 20.3
1600 900 119 114 116 117 118 117 117 113 115 118 119 115 118 118 118 119 117 117 118 118
1600 1000 117 113 115 116 111 115 116 112 114 117 116 113 117 117 116 118 115 114 113 116
1600 1100 117 111 113 112 108 112 112 107 113 116 112 111 117 116 112 117 112 111 111 115
1600 1200 116 111 110 107 107 111 110 104 110 112 107 109 114 114 110 113 112 107 110 113
1600 1300 111 104 105 103 103 108 107 101 105 108 107 106 109 104 109 108 106 106 108 109
1600 1400 102 103 101 102 100 103 104 100 102 102 103 104 103 103 106 106 103 102 103 104
1600 1500 100 100 100 100 100 100 100 100 100 100 100 100 100 100 100 100 100 100 100 100
1600 1600 100 100 100 100 100 100 100 100 100 100 100 100 100 100 100 100 100 100 100 100
1600 1700 100 100 100 100 100 100 100 100 100 100 100 100 100 100 100 100 100 100 100 100
1600 1800 100 100 100 100 100 100 100 100 100 100 100 100 100 100 100 100 100 100 100 100
1600 1900 100 100 100 100 100 100 100 100 100 100 100 100 100 100 100 100 100 100 100 100
1700 0 14.3 16.0 14.3 12.3 13.3 15.0 13.7 14.0 16.0 13.0 15.3 17.0 15.7 15.7 16.0 13.3 14.3 15.0 16.3 15.3
1700 100 14.3 17.0 15.7 13.3 14.3 14.7 14.7 14.3 17.7 14.3 15.3 17.3 15.7 16.7 15.3 16.0 14.3 16.3 15.3 14.3
1700 200 14.7 17.3 17.7 13.3 14.7 14.7 14.3 16.7 19.3 15.7 16.7 19.7 15.3 18.0 16.0 15.3 16.3 16.3 15.7 14.7
1700 300 16.0 18.3 22.3 14.7 14.0 16.7 16.7 19.7 20.7 18.0 19.0 23.0 18.0 23.0 18.0 15.3 18.3 17.7 17.3 15.0
1700 400 17.3 25.7 31.3 17.3 16.7 21.0 21.7 26.7 22.7 23.7 22.0 32.7 24.7 30.3 26.0 16.3 23.7 20.0 18.0 15.7
1700 500 20.0 119 118 25.0 19.0 30.7 31.0 118 118 118 25.7 118 119 118 119 21.7 119 30.0 28.3 16.7
1700 600 119 117 117 119 24.0 118 118 116 117 118 119 117 119 118 118 31.3 117 119 119 27.7
1700 700 119 114 116 117 116 117 117 112 114 118 119 115 118 118 117 119 117 117 117 117
1700 800 117 113 115 116 111 115 116 112 114 117 115 113 118 117 116 118 115 115 114 117
1700 900 117 112 115 113 109 112 115 108 113 116 114 112 117 116 114 118 112 112 112 115
1700 1000 116 111 112 110 107 112 112 107 111 112 107 109 115 115 111 115 112 109 110 113
1700 1100 114 109 107 105 105 108 109 102 107 111 107 108 112 110 110 112 109 107 110 112
1700 1200 109 104 105 103 103 105 106 101 104 107 106 106 106 104 108 107 104 105 107 107
1700 1300 101 102 100 102 100 102 103 100 102 102 103 104 103 102 104 104 103 102 102 102
1700 1400 100 100 100 100 100 100 100 100 100 100 100 100 100 100 100 100 100 100 100 100
1700 1500 100 100 100 100 100 100 100 100 100 100 100 100 100 100 100 100 100 100 100 100
1700 1600 100 100 100 100 100 100 100 100 100 100 100 100 100 100 100 100 100 100 100 100
1700 1700 100 100 100 100 100 100 100 100 100 100 100 100 100 100 100 100 100 100 100 100
1700 1800 100 100 100 100 100 100 100 100 100 100 100 100 100 100 100 100 100 100 100 100
1700 1900 100 100 100 100 100 100 100 100 100 100 100 100 100 100 100 100 100 100 100 100
1800 0 119 117 117 119 28.3 118 118 116 117 118 119 117 118 118 118 119 117 118 118 32.0
1800 100 119 115 117 118 30.3 118 117 116 117 118 119 116 118 118 118 119 117 118 118 33.3
1800 200 119 114 116 118 119 118 117 114 117 118 119 116 118 118 118 119 117 118 118 117
1800 300 119 114 116 117 117 117 117 113 114 118 119 115 118 118 117 119 117 117 117 117
1800 400 118 114 115 117 115 117 117 112 114 118 119 114 118 118 117 119 116 117 116 117
1800 500 117 113 115 116 111 116 116 112 114 117 117 113 118 117 116 118 115 115 114 117
1800 600 117 113 115 114 110 114 116 110 114 117 115 112 117 116 116 118 114 112 112 116
1800 700 117 111 114 113 108 112 115 107 113 116 114 111 117 116 112 118 112 111 111 115
1800 800 116 111 112 110 107 112 112 107 112 112 107 109 116 115 110 115 112 109 110 113
1800 900 116 110 110 105 107 110 110 103 109 111 107 108 113 113 110 113 111 107 110 113
1800 1000 112 105 106 103 103 108 107 101 107 109 107 106 110 105 109 109 108 106 109 109
1800 1100 103 104 104 103 101 105 105 101 104 105 105 106 106 104 107 107 104 104 107 106
1800 1200 100 102 100 102 100 100 103 100 102 101 102 103 101 100 102 103 102 100 100 101
1800 1300 100 100 100 100 100 100 100 100 100 100 100 100 100 100 100 100 100 100 100 100
1800 1400 100 100 100 100 100 100 100 100 100 100 100 100 100 100 100 100 100 100 100 100
1800 1500 100 100 100 100 100 100 100 100 100 100 100 100 100 100 100 100 100 100 100 100
1800 1600 100 100 100 100 100 100 100 100 100 100 100 100 100 100 100 100 100 100 100 100
1800 1700 100 100 100 100 100 100 100 100 100 100 100 100 100 100 100 100 100 100 100 100
1800 1800 100 100 100 100 100 100 100 100 100 100 100 100 100 100 100 100 100 100 100 100
1800 1900 100 100 100 100 100 100 100 100 100 100 100 100 100 100 100 100 100 100 100 100
1900 0 117 113 115 114 110 112 116 109 114 117 115 112 117 116 115 118 114 112 112 116
1900 100 117 113 115 114 109 112 116 109 113 116 114 112 117 116 115 118 114 112 112 116
1900 200 117 113 114 113 108 112 116 108 113 116 114 112 117 116 114 118 114 112 112 115
1900 300 117 111 114 113 108 112 115 107 113 116 114 111 117 116 113 118 112 111 111 115
1900 400 117 111 113 111 108 112 112 107 112 116 112 110 117 116 111 116 112 111 111 114
1900 500 116 111 112 111 107 112 112 107 112 112 107 109 116 116 111 115 112 110 110 113
1900 600 116 111 111 109 107 112 112 104 110 112 107 109 114 114 110 113 112 107 110 113
1900 700 113 109 108 105 105 109 109 102 107 111 107 108 112 111 110 113 111 107 110 112
1900 800 112 106 106 103 103 108 107 101 107 109 107 106 111 105 109 108 108 106 109 109
1900 900 108 104 105 103 102 105 106 101 104 107 105 106 106 104 108 107 104 105 107 107
1900 1000 102 103 102 102 100 104 104 101 103 103 104 105 103 103 106 106 103 102 103 104
1900 1100 100 100 100 101 100 100 101 100 100 101 100 101 100 100 100 101 101 100 100 100
1900 1200 100 100 100 100 100 100 100 100 100 100 100 100 100 100 100 100 100 100 100 100
1900 1300 100 100 100 100 100 100 100 100 100 100 100 100 100 100 100 100 100 100 100 100
1900 1400 100 100 100 100 100 100 100 100 100 100 100 100 100 100 100 100 100 100 100 100
1900 1500 100 100 100 100 100 100 100 100 100 100 100 100 100 100 100 100 100 100 100 100
1900 1600 100 100 100 100 100 100 100 100 100 100 100 100 100 100 100 100 100 100 100 100
1900 1700 100 100 100 100 100 100 100 100 100 100 100 100 100 100 100 100 100 100 100 100
1900 1800 100 100 100 100 100 100 100 100 100 100 100 100 100 100 100 100 100 100 100 100
1900 1900 100 100 100 100 100 100 100 100 100 100 100 100 100 100 100 100 100 100 100 100
